4683958382245105681 137323
-4547279630560362871 -42634.1
4682589528706605346 114278
4683015079680975464 120470
4684949520272465646 166169
-4540245759493317255 -122089
-4544064736047589274 -66515.2
4682177048191995604 108275
-4542471138842612752 -89705.1
4671717676807128302 21785.9
-4557130412664594213 -9124.07
4677382520620893708 52021
-4545637520243747246 -54582.1
4662669831533418015 5409.51
4685512393622647499 182550
4685012596553502022 168004
4677762045629023946 54782.4
4680764186304091763 87715.6
-4539161087521658398 -144673
4676167403785002741 43179.8
-4537423161615220646 -195254
-4541503354403068231 -103788
-4539100462488704472 -146438
4683174215160145274 122786
-4539370197529822845 -138587
-4547643658132351698 -39985.5
-4538997254764269596 -149441
-4538706241462686709 -157911
4686160045700741546 201399
-4540820126895650636 -113730
4662461886993193956 5220.38
4683943465411571643 136888
4676482026160216080 45469
-4542977581765827298 -82335.3
4677864158033189821 55525.3
4666615388447551272 9803.94
-4565457408996597814 -2590.34
4685797354848466108 190844
-4542880080997847228 -83754.2
4682263821139215534 109538
4667160817058100662 10796.1
4682223768711249466 108955
-4547603947381221220 -40274.4
4684670486941463188 158048
-4542624818304235419 -87468.7
-4544953671760543582 -59557.7
4683272629468980758 124218
4685051867869289036 169147
-4538164572989501714 -173676
4685472134161847798 181379
4666994460599210965 10493.5
-4538390660277763462 -167096
-4540097697671130009 -124243
4679264295317909444 65889.4
4684652499769993793 157524
-4544755864136885340 -60997
-4538087124089362583 -175930
-4537474791999987805 -193751
-4552949441715392199 -17074.4
-4538072207255828545 -176364
-4541375562241708448 -105648
4685767660889001350 189980
4684818598346899965 162358
4684107234970823584 141655
-4542162978488196179 -94189.4
4670049165130395329 16049.9
-4546215756547535432 -50374.9
4681955660784798958 105054
4662285670359053570 5060.12
4679389036581946232 67704.6
4668239663313436692 12758.5
-4537741888736872502 -185977
-4550723140816484036 -25173.7
4685229521616790184 174318
4685215301351376790 173904
4680865586742655308 89191.2
-4542651966053716221 -87073.7
4681353307103183169 96288.5
4677998781987419091 56504.9
-4545041902766607940 -58915.8
4679947650371244950 75833.5
-4539499119313475634 -134835
-4550996869495451411 -24177.8
4684511618121616485 153424
4683805998878129376 132888
-4543929209764764745 -68487.3
-4541117255251539702 -109407
4684696048646991736 158792
-4544837266204814650 -60404.7
4679914598901769283 75352.5
4685571181575861384 184261
4675150532496783484 35781.1
4678959978384496287 63498.5
4684214817388485765 144786
-4550936440218484214 -24397.7
4685120431150137503 171143
-4547504530414729870 -40997.8
4683467983571102883 127061
4679846598029440145 74363
4684940153552917785 165896
-4558878731581505973 -7067.95
-4540752665193527445 -114712
4685484967962831386 181752
4685067149443587815 169592
-4539245103874008305 -142228
4684525306786391270 153822
4678059908284614197 56949.6
-4550092428965067652 -27468.2
4676867978376883736 48277.2
-4542562255804352770 -88379.1
4682670053854367644 115450
-4543294543809050274 -77722.9
-4551765711483352470 -21380.8
-4541037876544460641 -110562
-4539967854983732076 -126133
-4542428418478011176 -90326.7
4671992167609769635 22784.5
-4548506747924797434 -33705.7
-4539549507546451725 -133369
4684882342467869680 164213
-4538628048329403936 -160187
-4538945726594496199 -150941
-4567568858143000405 -1839.08
4681961943629028239 105145
4685963469656023065 195678
4685273474361207245 175597
4679852880860752076 74454.4
-4546658558901719794 -47153
4681665007224966206 100824
-4545852729424335551 -53016.2
-4542925673509476880 -83090.7
-4541208612605170776 -108077
4674920201594107673 34105.2
-4541545684366588485 -103172
-4539310705406627602 -140319
4681176166323042672 93710.7
-4538937398630139912 -151183
4682877222720617177 118464
-4539473151634999849 -135591
4681534644226693917 98927.3
-4538230795162055968 -171748
4685482910467882692 181692
-4537925649910984414 -180629
4666010924858837502 8704.43
-4539653772411674856 -130703
-4541425006164700458 -104928
4682997271240424966 120211
4681190199771275818 93915
4678918902036915588 63199.6
4685722875078821903 188676
4677969906464817382 56294.8
4681941405455237889 104846
-4538493639139042518 -164099
-4539068157202892360 -147378
4665691987028388109 8158.14
-4538282146260789999 -170254
-4538166669029824020 -173615
-4540442815172173662 -119221
-4553584916091542192 -15573.3
4683604196630696450 129043
4673864589943894780 29596.3
4681826174151247617 103170
-4537917460517504608 -180868
-4539385843321733670 -138132
4686174873359347056 201831
-4540433758804886654 -119353
4684648658388954028 157412
-4538937309461670059 -151186
4686144434869639595 200945
-4537946847489678293 -180012
4684379363480716038 149575
-4538200267497419980 -172637
-4537254795423285400 -200154
4685107939064741555 170779
4675441913897642212 37901.2
-4539769214617245208 -129023
-4539459691807546183 -135983
-4547130240860388590 -43721.1
4684968651294689518 166725
4683604692411522383 129050
-4545321891038573862 -56878.6
4671552909802371388 21186.5
4674542702167634244 32063.3
-4552380676929615719 -19143.6
4679934502936993504 75642.2
-4538579071982203248 -161612
4668062473434447301 12436.2
4681873692342723748 103861
-4543206810482662361 -78999.6
4686067172069767765 198696
4674269866645943334 31070.7
4684477477945555224 152430
4681610593222231979 100032
4677384684690441924 52036.7
-4537688358739471985 -187535
4681610414872374923 100030
4683861997884969150 134517
4685139942801467114 171711
4684417248803556540 150677
4683831470220333162 133629
4685889715970645180 193532
4681499687034678149 98418.6
4684834663390794243 162826
4685947437066971683 195212
4679365640108527441 67364.1
-4570790141104823837 -1106.65
-4539471294036048687 -135645
4683817243767508924 133215
4684634692866607991 157006
-4538264982802921296 -170753
4678538496918032783 60431.8
-4541646418192366979 -101706
4677416295410322707 52266.7
-4541121937971904789 -109339
4680301570659069789 80983.7
-4543555554891518312 -73924.7
-4543885933282393489 -69117.1
-4541185489088283412 -108414
-4538225679516692024 -171897
4677615605321833168 53716.9
-4540969908159267775 -111551
4678617560687191596 61007.1
4661464841771071875 4313.58
4685779194791178882 190315
-4542534033357152889 -88789.8
4670845196023433294 18611.8
4680818879386181514 88511.5
-4538768264223999994 -156106
-4555818071039914602 -11511.2
4675366891037376216 37355.3
4685402660123832932 179357
-4552196674646699807 -19813
-4544096036802729712 -66059.7
4684062360980351590 140349
-4550376470908268592 -26434.8
-4537241894348740896 -200529
-4544536720822222677 -62591.4
4675696516450061524 39753.7
4683862063795749597 134519
-4541253833084191386 -107419
4679604081595928229 70833.9
-4559082729199478788 -6882.41
-4558632476040076134 -7291.92
-4543225133550453038 -78733
4680619671121301397 85612.7
-4539829785067934995 -128142
4676991494675664172 49175.9
-4537763858094959763 -185338
-4548367075766690690 -34721.9
4680172964136271010 79112.2
4679561376615890986 70212.5
4677869033867943478 55560.8
-4544657273441630060 -61714.3
-4539887114361647656 -127308
4676285962895556662 44042.5
4677287481938653074 51329.5
4681136798824664533 93137.9
-4543874765096240652 -69279.6
4681406127182381399 97057.1
-4540375065929830434 -120207
4685078052617379720 169909
4679861522361496094 74580.2
4678728422787828486 61813.7
-4541902216968937985 -97984
4668424862776388231 13095.4
-4538412682629280763 -166455
-4541991857025419330 -96679.5
4684474289943475020 152338
4679899481248647161 75132.5
-4538497241968913662 -163994
-4538740456146025113 -156915
-4545460897333101876 -55867.2
4674238731852920911 30957.4
4675404147595268351 37626.4
4679356659527335266 67233.4
-4542776361636538795 -85263.5
4682386141033001364 111318
-4542765311114530806 -85424.3
-4543909929185457871 -68767.9
-4540029378321526611 -125237
4685958081725829914 195522
-4537246708793786748 -200389
4683780894944123192 132157
-4543960887112338919 -68026.4
-4539986383295303354 -125863
-4550596580802427432 -25634.1
4685601261350748069 185137
4685050535166871623 169108
4682083893518229039 106920
4680258724828243720 80360.2
-4538877317792241240 -152932
4679890073684437313 74995.6
-4546694266023430731 -46893.2
4682344704756368947 110715
4685385089433575330 178845
4685013676243777033 168036
4684259766913164256 146094
-4540412110824018820 -119668
4682882394840637096 118540
4671059921139232487 19393
-4543012446107928345 -81828
4684856385472042682 163458
4684921719441124343 165359
4684427063496816483 150963
-4573570471529688096 -749.236
4674184254477665594 30759.3
-4539454493981998956 -136134
-4542363964968450539 -91264.6
4684296686334669475 147169
-4564406257023838278 -3068.35
-4554082385576859340 -14668.4
4684079805526223804 140857
-4568515703647958238 -1623.79
-4542839483845214536 -84344.9
-4539770573109152708 -129003
4679845486039330444 74346.8
4681048612280120274 91854.6
-4539125797565778822 -145700
4675953249771099704 41621.7
-4564426581286305902 -3059.1
4683929891885599703 136493
4680957118235087206 90523.2
-4539709164722859434 -129897
-4540923003735696186 -112233
-4574925259774479535 -595.214
-4538878921455459446 -152885
-4539114427772079525 -146031
-4545396635142418104 -56334.7
-4543775805081019915 -70719.7
4685230357104555769 174342
4684905653893453400 164892
4677006620143783290 49285.9
4683911780042322866 135966
4683561209135288477 128418
-4568687954552185200 -1584.63
-4544057771554779068 -66616.5
-4547276536622428322 -42656.7
4679044702614107118 64114.9
4676273590812345988 43952.4
-4541947727920417175 -97321.7
-4539294619003894428 -140787
-4538203266324903489 -172550
-4538692919146886790 -158299
4678399819886766621 59422.8
-4545571711665376968 -55060.9
-4542762262749008491 -85468.6
-4543958300232077209 -68064
-4538461295953724315 -165040
-4549579165280400870 -29335.4
4685266409868728872 175391
4674869260085178993 33734.6
-4542129567942213928 -94675.6
4679040012970042217 64080.8
4681998076919963774 105671
-4561069602461704112 -5075.36
-4539378422762491353 -138348
4684552691821140354 154619
4677204674928024206 50727
4664584459604904580 7150.85
-4540531263654749454 -117934
4672116093207715041 23235.3
-4549453965049986801 -29790.9
4683816234173235892 133186
-4547279932929701172 -42631.9
-4541543305714015322 -103207
-4543809272127492842 -70232.7
4681098815342878297 92585.1
4677925289833176203 55970.1
4685964759033647218 195716
-4544165005979999025 -65296
4684754133728417979 160482
-4539084415503266061 -146905
-4548189773971777384 -36012
-4537272090347487860 -199650
4682594598714970307 114352
4682347832150241047 110761
-4542912294790066412 -83285.4
-4538787505366636077 -155546
4684309943934543860 147554
4680867069331548158 89212.8
-4537878952701089364 -181988
-4551995567105037442 -20544.6
4685987262743768724 196371
4680503769665172060 83926.1
-4540615574012453278 -116707
-4556353016032213264 -10538.1
4684305039500776405 147412
-4538499728487821393 -163921
-4538577951750823988 -161645
-4546642336750551202 -47271.1
-4543136571976474440 -80021.7
4678949762904605298 63424.2
4683310654867569064 124772
-4539023769821927511 -148670
-4537911489071841565 -181041
-4537938036190363188 -180269
-4552950980843527781 -17068.8
4682527644832643627 113377
4680064575062369349 77535
-4551269352838500843 -23186.5
-4538849135808641506 -153752
4675205822089197634 36183.4
4674454473305850044 31742.3
4667860800939547570 12069.3
4675505886171313478 38366.7
-4545478425195884210 -55739.6
-4543206541517592206 -79003.5
4684631566247776916 156915
-4556950126858398310 -9452.01
-4539552464353794363 -133283
4676320540704991003 44294
4666939372749975461 10393.3
4676830745819428651 48006.3
4675569741542963561 38831.3
-4541247300508826705 -107514
4683814420770999142 133133
-4538169218404558826 -173540
-4538567939415644156 -161936
4685117074938320310 171045
-4539550095834882591 -133352
-4558542612823449160 -7373.65
-4541020796784563894 -110810
4683772271676219272 131906
-4542833252838312435 -84435.6
-4545216351558006474 -57646.5
4684486686421101938 152698
-4544498329113411558 -62870.8
4683471916219681944 127118
4679062172374647324 64242
-4537700931706857500 -187169
-4541907859745537298 -97901.8
4682455215582578898 112323
4677221251608792038 50847.6
4683901737997237102 135674
-4543313924949930058 -77440.9
-4540896479558388884 -112619
-4540258775532280371 -121899
4676471050700931300 45389.1
-4538719055693884433 -157538
4679579927532825471 70482.4
4682566311823109249 113940
4680824239505319244 88589.5
-4540323458376480119 -120958
-4547657153947543597 -39887.3
-4543522014526164479 -74412.8
-4550320466805534084 -26638.6
-4541173505468551496 -108588
-4546800581345898210 -46119.7
4668514743560611749 13258.8
-4539343077333050459 -139377
4671876102167876897 22362.2
-4537399288355939693 -195948
-4546493581576663565 -48353.4
-4546601903971202427 -47565.3
-4543237680896274022 -78550.4
4681322055886081539 95833.7
-4541990411767669154 -96700.6
4678535832688676838 60412.4
4671534199123647082 21118.4
4685059696293870424 169375
4679895637536025644 75076.6
4683329794983607622 125050
4680224683101768579 79864.8
-4543419167589785119 -75909.4
4678326679006950671 58890.6
-4537280359918961638 -199410
4668540008347923878 13304.8
4684010004827793195 138825
4676804193068942253 47813.1
4678149337555771617 57600.3
4664939597249666379 7473.85
-4547630601197057196 -40080.5
-4545491601048306550 -55643.8
4680807746231882980 88349.5
4683110966903964270 121866
4679668892360649044 71777
-4539317446319478306 -140123
-4537653292079370203 -188556
-4538078653414119010 -176176
4679888298349632212 74969.8
-4539970165781463558 -126099
4676832574063701013 48019.6
4680292726420511149 80855
4673255696634040981 27381.2
-4537212684615532133 -201379
-4537276259551504905 -199529
-4543232987609516304 -78618.7
-4542021632344815621 -96246.2
4678852573612695566 62717
4684199267656451233 144333
-4539791099864005300 -128705
-4544337633166643302 -64040
4679378405240876271 67549.9
4684496835583315944 152994
4678738110128930780 61884.2
-4543454648993715062 -75393.1
4684580121175318682 155418
-4539932671776836255 -126645
-4539376578985105125 -138402
4653859265043481078 1397.09
4683802617587276373 132789
4679609021449070497 70905.8
4684845810528124592 163150
-4540067122638570082 -124688
-4547287307005858054 -42578.3
4680452662891662286 83182.4
4684356951600038568 148923
4670988357416231715 19132.7
4681365098396484890 96460.1
4685238530693657355 174580
-4541232395255697308 -107731
4685156576189403230 172195
4671437280191881344 20765.8
4685251504938533233 174957
-4566188757134879810 -2257.76
4671562162500467220 21220.1
4685330690169537914 177262
4683048524535440394 120957
4683450558427090978 126808
4675475484153744884 38145.4
4678954256747472743 63456.9
4686109773252435820 199936
4685285232644220005 175939
-4543768437863976100 -70826.9
4684431646301476179 151096
4675179190568708455 35989.6
4677876291481269094 55613.6
4681929997432640066 104680
4682376549228622674 111179
4682917161475899673 119046
-4542055315498560842 -95756.1
4676023705831303160 42134.3
-4555614079415592384 -11882.3
-4539512717937859413 -134440
4682933257721653857 119280
4684303712023427230 147373
4684413781289389576 150576
4679297235853179824 66368.7
-4548283792958376967 -35327.9
4676445458975480404 45202.9
4675608731505941386 39115
4678310725252488817 58774.5
4669782014379609914 15564
-4539254562080690418 -141953
4674497376580133372 31898.4
-4537654273320059095 -188527
4680309625854196228 81100.9
4664777949526685485 7326.83
4683853267493478314 134263
4663401350387402946 6074.82
-4538759489926435128 -156361
-4562127326162317428 -4113.37
4661315293368530517 4177.56
-4537869760036379548 -182256
4683456458310632772 126893
-4546740118173803546 -46559.6
4677869933406391053 55567.4
-4552330361524661216 -19326.6
-4539194090157090854 -143713
-4548316816345532849 -35087.6
-4541618357186212471 -102115
-4547966670326653741 -37635.3
-4537439195657473950 -194787
4680772503243489480 87836.7
4673909256953202537 29758.8
4683417500382683957 126326
4674819991605640196 33376.1
-4551733415988891968 -21498.3
-4557122505902741288 -9138.45
4686107899455127249 199882
-4538011559804812989 -178129
-4538227059018669960 -171857
4678042472961730174 56822.8
4675629855533242052 39268.6
-4540940669155342991 -111976
-4540862594596878270 -113112
4677458651505642832 52574.9
4685114091611657289 170958
4681336779469594827 96048
-4553902653563310046 -14995.3
-4550825689439573122 -24800.6
4684102611566931562 141520
4685518392724357762 182725
4685466360803753232 181211
4684775297276352212 161098
4682143318690797130 107785
-4544018867634272300 -67182.6
4669379449494436179 14831.7
-4540844514401109926 -113376
-4557164627832333252 -9061.83
4685478975500639234 181578
-4554638611955621322 -13656.6
4684570462123213782 155136
4685721096831154284 188624
-4539863337963118722 -127654
-4552986862607816210 -16938.3
4682509768976441357 113117
4682127615933371013 107556
4684854291627669943 163397
-4541911090439460594 -97854.8
4681993489775074340 105604
4685668777111982709 187102
-4543971059822882715 -67878.3
-4547723236993775304 -39406.5
4672473814477566252 24536.7
4671770738285770921 21978.9
4677010567970249080 49314.7
-4540064793343192819 -124722
-4557255536424293864 -8896.47
-4545377911391335184 -56471
4678770009499923730 62116.3
4685017140464019644 168137
-4540610265769394780 -116784
4676143730260252440 43007.6
4684308538733497292 147514
-4538719679821504001 -157520
-4546124152149577847 -51041.4
-4540286020032715714 -121503
4678361694378712664 59145.4
4675375322734514936 37416.7
4679633984642085333 71269
4675577746244167262 38889.5
-4538013463447659674 -178074
4672483496393381372 24571.9
4672788153652789285 25680.3
-4541496116204520271 -103894
-4537459364595261620 -194200
-4544475605866461228 -63036.1
-4537322921962057963 -198171
4685116581895972664 171031
4675859928528099654 40942.6
4682245185058189818 109267
4684610396473679788 156299
4685249459359840288 174898
-4539597463674858671 -131973
-4551870894935907972 -20998.2
-4561200017891501702 -4956.75
4682926069112814107 119175
4677944987759157342 56113.5
4685698969513247584 187980
-4539351574301560784 -139129
-4542890409310794014 -83603.9
4684541147442991644 154283
-4545706507446201336 -54080.1
4684780084530375458 161237
4681605834819110862 99963.2
-4556777247137553595 -9766.47
-4542338332075403902 -91637.7
4685434871526342293 180294
-4538893721057579873 -152455
4684311944031246026 147613
4677067592440326858 49729.6
4680802173002298253 88268.4
4685128333151946802 171373
-4539871684289488611 -127532
-4542596218967502742 -87884.9
-4539515640921120012 -134354
-4540396264826094052 -119898
4677230185584183947 50912.6
-4539654552722978182 -130692
-4538953963975932765 -150701
-4541077967737395279 -109978
4685438812991013005 180409
-4537389397915336969 -196236
-4539427692888992325 -136914
-4538861314138054768 -153398
-4553679744117632409 -15400.8
4678474037298565400 59962.8
4684999080600160840 167611
-4538595950463945969 -161121
4676570065214453403 46109.6
-4538175692367446040 -173352
-4547244299152705844 -42891.2
-4569320941924049118 -1440.7
-4550606335572098844 -25598.6
-4542898405589885250 -83487.5
-4541536141493133138 -103311
4684959828156622766 166469
4673070772982355307 26708.4
-4540055959477266555 -124851
-4537678586679927056 -187820
-4550080233952896341 -27512.5
4683444037851944826 126713
4681765197721151919 102282
-4545171411269233517 -57973.5
4686146805177604399 201014
-4537691764237439650 -187436
4666451431825689422 9505.71
-4540339950112751681 -120718
4679208945251941654 65310
4680278468869165809 80647.5
-4543853729410699413 -69585.7
4684640167491598394 157165
4678372326727335958 59222.8
-4544344729183915344 -63988.4
-4537892897846315135 -181582
4682134649404832388 107659
4683150730745404917 122444
4680248672106967845 80213.9
4679782885536602900 73435.8
4684846047742347448 163157
-4543446608963558001 -75510.1
4681740121630494532 101917
-4543030332013829231 -81567.7
4683318293542731662 124883
-4540010310839749388 -125515
4675287592973315738 36778.4
-4537938273411044719 -180262
-4538604233236951861 -160880
-4539378464046343251 -138347
-4541538357645438195 -103279
-4539085745596378694 -146866
4675177077987718957 35974.3
-4538002253648262505 -178400
4684643076362653674 157250
4685419075634819750 179834
-4537974096291591320 -179219
4685137766273134425 171647
-4555278049632245177 -12493.5
-4541893994042016525 -98103.6
4675060160207377020 35123.6
-4539538828843916500 -133680
4674925564697153348 34144.3
-4556899088340168083 -9544.85
4683489678829473202 127377
4685149526784390130 171989
4667111456452018770 10706.3
4674796018424195180 33201.7
4681099859245634008 92600.3
-4541013713413377901 -110913
-4542093799010981296 -95196.1
4677644046485610123 53923.8
4669697410074680252 15410.1
-4537428016213850235 -195112
4685225124938232488 174190
-4544681134087118344 -61540.7
-4540472194613532060 -118794
4666247330352219341 9134.45
-4547645930423461622 -39969
-4543286512446435334 -77839.8
4679726907165230402 72621.2
4678284787522889947 58585.8
-4551355748263237806 -22872.2
-4542228350408453334 -93238.1
4680372758823024859 82019.6
-4544000082642031104 -67456
-4540716576609541668 -115237
4681926802752289700 104634
-4541925690119748788 -97642.4
4679828718956817626 74102.8
-4537421454290265432 -195303
4684026832428092665 139315
4684127920228024334 142257
4675823084550379479 40674.6
-4543683446658567076 -72063.7
4679395594216970701 67800
4667179726198996600 10830.5
4684066739174180855 140476
-4541706507691349098 -100832
-4541873434270416294 -98402.8
-4538212845541324205 -172271
4663105355399838512 5805.61
4684646676072984695 157355
4676413847403054497 44972.9
4668112354868097568 12526.9
4683650064488567357 129711
4685605698686666168 185266
4681303726127103354 95567
-4544482156074009212 -62988.5
-4545368875058858654 -56536.7
-4537806175179881663 -184106
-4537528054498437440 -192201
-4537267480752243422 -199785
-4560992950904394812 -5145.08
-4542890310751410415 -83605.3
4680513571673593904 84068.7
4683617204635067616 129233
4658795677960462952 2990.99
-4554927611422899882 -13130.9
-4538282503276979196 -170243
-4540063569462993900 -124740
-4559392558772666856 -6600.62
4685112261378112963 170905
-4537798954619975683 -184317
-4538367846338095929 -167760
-4541558044346241831 -102992
4680599354815921622 85317
4676404429595385778 44904.4
-4538485011007756172 -164350
4685641875354064364 186319
4684336771850428608 148335
-4539500782228580152 -134787
-4556808697992305752 -9709.26
4681873358312959598 103856
4682434345923742427 112020
-4537293887820851943 -199016
4674452001906700968 31733.3
4681295818228523594 95451.9
4681497353114889439 98384.6
4685101044222284738 170578
-4538534189776296396 -162918
4682715554833652322 116112
4685432024393763278 180211
-4538604596201580920 -160869
-4542391298921537442 -90866.9
-4541404434483303152 -105228
4683328615422837944 125033
-4538515307677873523 -163468
4681580662894630814 99596.9
-4542455575075877008 -89931.5
-4539600736627893820 -131878
4685311060279241363 176691
4681972672573597872 105301
-4538538035471731198 -162806
4685912940572258148 194208
4684028914530593885 139375
-4544347909254742400 -63965.2
4680075310891886744 77691.2
-4552817670893851210 -17553.8
-4550363688363331411 -26481.3
4678778260224983266 62176.3
-4543752954275234322 -71052.2
4675808077921884098 40565.4
-4538999828197569533 -149367
-4538324212187209280 -169030
-4546370554251265398 -49248.5
-4539096641691462577 -146549
4679102759025474133 64537.3
-4538784609574398082 -155630
4684520050161064994 153669
4674807085777510748 33282.2
-4540615025670928541 -116715
4679405730087231141 67947.5
4667635692960830844 11659.9
-4543430069420172582 -75750.8
4685387458604813296 178914
4682176383258466107 108266
-4538890398321076260 -152551
-4537727803748411236 -186387
4663351140129680774 6029.15
-4547552422111392989 -40649.3
-4540634507709232348 -116432
-4552388886215815154 -19113.7
-4539418503711967119 -137181
-4543316429998776945 -77404.5
-4550292710519675652 -26739.6
-4537272455708285419 -199640
4678542911060848223 60463.9
-4538947759120206560 -150882
-4553702220720694093 -15359.9
-4538364706872959875 -167851
4682510506117959628 113128
4682668117995649047 115421
4679859310471916672 74548
4684929813168707044 165595
4684333003097191499 148226
-4538066355696094620 -176534
-4537851492325894035 -182788
4667234045104197149 10929.3
-4539679357497607640 -130331
4685174468160000130 172715
-4538716169292560184 -157622
-4546925293791326240 -45212.3
4675569469839415124 38829.3
4677911713103701358 55871.3
4680293793639084343 80870.5
4669972176585248645 15909.9
-4547958264102530018 -37696.4
4683680441627319064 130153
4674348330455845190 31356.2
4685086882905199922 170166
-4540916352088195462 -112330
4682759975793269549 116758
-4546159936413705407 -50781
-4546586397725428040 -47678.1
-4538549258789135567 -162480
4683279141079485730 124313
-4546887923250734118 -45484.2
4681595830873750119 99817.7
4685262061565648446 175265
4684084374909756426 140989
4683837354215533955 133800
4680684704180705353 86559
4677733872681110820 54577.4
4663884904682829929 6514.61
4677148798061191193 50320.4
4651737382191469966 969.313
4674474187404353902 31814
4679503241460355892 69366.5
-4537605906581376118 -189935
4681836289818772019 103317
4675764492585664634 40248.3
-4539125001546977403 -145724
-4539193530254537506 -143729
-4540199891893793354 -122756
4682431717423777709 111981
4684015158979778698 138975
4681263901122008533 94987.5
-4539870548880222622 -127549
4679360834518325292 67294.2
-4543447991287976999 -75490
-4538661407012224308 -159216
4684627537410148057 156798
-4538615039433735594 -160565
-4557674373219247655 -8163.31
-4542264360622874199 -92714.1
-4540306023415281906 -121212
-4542747474062049156 -85683.9
4678978786279199753 63635.3
4685439871244945018 180440
-4540921672124794880 -112253
4658356370653777924 2791.22
4682460913400008289 112406
4685292132259637796 176140
-4539168244650915210 -144465
-4542937905064832489 -82912.7
4672498540714705234 24626.7
4678250716228599726 58337.9
4684419224925656354 150735
-4541224884191039371 -107840
4679563029042106972 70236.5
4677409616365121772 52218.1
4683852512558309859 134241
4683418883482143980 126347
4682317726456690772 110323
-4537591708165660936 -190348
4675248563767427379 36494.4
4676756225883283356 47464.1
4682053168799412609 106473
4682349112931368504 110779
-4542651851709330426 -87075.3
-4538261635936807123 -170851
4684510695383607582 153397
-4539592712925267671 -132111
-4539730777710625019 -129583
-4545360198552095035 -56599.9
-4551322879600105086 -22991.8
-4546410129706067725 -48960.6
4678417288484745286 59549.9
-4538593574588603141 -161190
-4543800894282787963 -70354.6
4684364105493499103 149131
4676202436853534796 43434.7
-4538641959734510446 -159782
4683218937972406790 123437
4681663565493652689 100803
-4547523327768875403 -40861
-4545749137415184772 -53770
-4547271631697801551 -42692.3
-4542316200675614472 -91959.7
4675761047579980748 40223.2
-4538143484342823810 -174289
4684809451739003021 162092
-4550119691084768948 -27369
4684527657989594822 153891
4679586704866145646 70581
-4553414300317199042 -15883.6
-4555852550651651152 -11448.5
-4542877722057150780 -83788.5
-4540990964564239065 -111244
-4541591689988001474 -102503
4674242117438792926 30969.8
-4543120087796852862 -80261.6
-4538945790038062718 -150939
4681655916277932159 100692
-4557842303734788410 -8010.57
-4560376727153193805 -5705.53
-4540105241507105926 -124133
4684217447935850522 144862
-4539047152577120172 -147989
-4542898242030394410 -83489.9
-4539885865085937839 -127326
-4537236295542802365 -200692
4684798677538496244 161778
-4542775635913958282 -85274
4683297380404093726 124578
4678581978166242674 60748.2
4679938377108727276 75698.5
-4539631648516866014 -131025
-4537817467572817328 -183778
4685616232992599879 185572
4682366454474288579 111032
-4538763877588682240 -156234
4684250722197327315 145831
-4540514982561710960 -118171
4686094461251318162 199491
4669240102181857439 14578.3
4679394156244606154 67779.1
-4554564530124332392 -13791.4
4683796917231587625 132623
4684681504504851613 158368
4680614642383870986 85539.5
-4547883493802299158 -38240.5
-4540133171738004922 -123727
4683927843135697233 136434
-4539342893486860806 -139382
4679553378282941032 70096.1
-4543749303922431037 -71105.3
-4544661735636989016 -61681.8
4668441101332591840 13124.9
-4552898170013152440 -17260.9
4678020361480495070 56661.9
4680758489920488267 87632.7
-4553284656208228906 -16119.5
4670294029784180571 16606.7
-4537278118810335595 -199475
-4542218970668216262 -93374.6
-4540081510500146320 -124479
4680100466075480668 78057.2
-4551439908004635892 -22566.1
-4541322296991863178 -106423
4678726001146313170 61796.1
-4540845036791677696 -113368
-4544779783013789254 -60822.9
4663091824423618803 5793.31
-4549477508729530821 -29705.2
-4544457777907794264 -63165.8
-4537897036365166290 -181462
-4538505281566339485 -163760
4683317853358181874 124876
4684496879269795017 152995
4685989711744232200 196442
4665943773857743632 8582.28
-4542651592380603676 -87079.1
-4539762670170835505 -129118
-4545330285559578120 -56817.5
-4550873251175437472 -24627.6
4684146968327317274 142811
4679815524012551386 73910.8
4682675175842150637 115524
-4546831118220605036 -45897.5
-4539143548117223478 -145184
-4549493371700854027 -29647.5
-4538631086412715328 -160098
4675803267164741785 40530.4
4685726883106599256 188793
-4538712130896092025 -157740
4684359249435208918 148989
-4539406888023585492 -137520
4683130579213746918 122151
-4543453468735408464 -75410.3
-4547351824753402262 -42108.9
-4552726264467205947 -17886.3
4668402875275882339 13055.4
4681532893215259628 98901.8
4685759449277678844 189741
4685602877065854203 185184
-4538424952981898316 -166098
-4537481523108569550 -193555
-4537933196097918104 -180410
4684758611566688275 160612
4684781328057864344 161273
-4537747945314333395 -185801
-4548671094922883616 -32639
-4539864323427781196 -127639
-4540864412145584499 -113086
4682458911753224077 112377
4677045226048098843 49566.8
-4538218424060563923 -172108
-4553600102142034728 -15545.7
-4548089362240131267 -36742.6
-4553255598060127149 -16172.3
4675882128648193241 41104.2
4683893815870195871 135443
4672755898408792648 25562.9
-4540375608587720991 -120199
4683147860419723248 122403
4679523197462080797 69656.9
-4538186303389523813 -173043
4685655550139146136 186717
-4556634829422452748 -10025.5
-4546731829704246122 -46619.9
-4545274175198719172 -57225.8
4685215918154858678 173922
4685021692951657936 168269
-4538629052304629543 -160158
4684800404898261938 161829
4684449607483236556 151619
-4540085437529677952 -124422
4685084853686331264 170107
4685185729260654438 173043
-4538440579991981650 -165643
4683638825954524210 129547
4685736600248028934 189076
4660028954240066972 3551.82
-4537262630584265023 -199926
-4539987687573091199 -125844
-4542732302143137976 -85904.6
4677307451103158042 51474.8
-4542030387040301246 -96118.8
4681634701041220279 100383
-4537703268442628598 -187101
4680889722941062453 89542.4
-4544845315238364945 -60346.1
4684400009985865569 150176
-4542675705095267781 -86728.2
4671580935182473484 21288.4
4679597955322903217 70744.7
4685588395385561969 184762
4677115590446783822 50078.8
4677878248253178000 55627.9
-4550194489157303184 -27096.9
-4537315920151022433 -198375
4686120059177097250 200236
-4545578878908919145 -55008.7
4685140538775721472 171728
-4538574148947451208 -161755
-4542106336190847512 -95013.6
4683086754984049047 121513
-4542839586770662571 -84343.4
-4539926118494958874 -126740
4681108288436806752 92723
-4546521172184585687 -48152.7
-4537293528117853862 -199026
4680231563864313452 79965
4684642489430544601 157233
-4537359084381618662 -197118
4684598569819131331 155955
-4539667355935676010 -130505
4677955491321797087 56189.9
-4539253013006195029 -141998
4685139972595335825 171711
4679610140311210614 70922.1
4684372606382425275 149378
-4542418689749718185 -90468.3
4671024501971096798 19264.1
-4539349708590513566 -139184
4683797960733905475 132654
-4540951088367684585 -111825
-4538763141441799951 -156255
-4552392362223140012 -19101.1
4684244053557052134 145637
4670809417184592908 18481.7
-4553547034359725114 -15642.2
4684189150199873800 144039
4684919901840748712 165307
-4546851681195708166 -45747.9
4685566224820366109 184117
