4683917319627862183 136128
-4547330624917086617 -42263.1
4682521185292184864 113283
4682943032818335849 119422
4684899832064908853 164722
-4540318774077514471 -121026
-4544104515172885798 -65936.3
4682112294477327356 107333
-4542524786587854328 -88924.4
4671665560930493794 21596.3
-4557174065561446412 -9044.66
4677320298768775421 51568.2
-4545702805416128720 -54107.1
4662618069387442423 5362.43
4685457806889574664 180962
4684962359411141308 166542
4677696520879485304 54305.6
4680711728321680696 86952.3
-4539204348157914055 -143414
4676115756746603491 42804
-4537481546922763234 -193554
-4541565424499038624 -102885
-4539144250727254215 -145163
4683100783387019190 121718
-4539411638341582775 -137381
-4547691484461402161 -39637.5
-4539041941190078396 -148141
-4538753460493890402 -156537
4686099822637170854 199647
-4540888142924888725 -112741
4662411934528980486 5174.95
4683902532611257054 135697
4676427641053417602 45073.3
-4543026822083392675 -81618.8
4677797744628650637 55042.1
4666568482787442261 9718.62
-4565506981504623715 -2567.79
4685740288179479974 189183
-4542930169836664551 -83025.3
4682198312264446133 108585
4667109164689047105 10702.1
4682158608401286530 108007
-4547652119301562532 -39923.9
4684623227081049316 156672
-4542677128621148210 -86707.5
-4545024908270367124 -59039.4
4683198341224318372 123137
4685001288959917380 167675
-4538216506006251665 -172164
4685417897795328870 179800
4666944255982761730 10402.1
-4538440625721612609 -165641
-4540172000794949330 -123162
4679209768076186637 65315.9
4684605396446780299 156153
-4544828822109790130 -60466.1
-4538139731121703073 -174399
-4537532727983082713 -192065
-4552990286867284180 -16925.8
-4538124944105097944 -174829
-4541438744476249566 -104728
4685710852638037785 188326
4684770049515355173 160945
4684064876930951131 140422
-4542219308064721210 -93369.7
4669972376295515538 15910.3
-4546276009495016771 -49936.5
4681892833741313014 104140
4662237251457724910 5016.08
4679348546133617440 67115.4
4668178622054488204 12647.4
-4537797500253583526 -184359
-4550783360827313934 -24954.6
4685177396637747839 172801
4685163300127230550 172390
4680812246301276373 88415
-4542704040111542502 -86315.9
4681295722171227506 95450.5
4677931196989172994 56013.1
-4545112371427261907 -58403
4679902298467138216 75173.5
-4539539438155885633 -133662
-4551054707324005383 -23967.4
4684465740851029385 152089
4683766262409674256 131731
-4543970168336475450 -67891.3
-4541182685457817100 -108455
4684648566330377505 157410
-4544909515758842118 -59879
4679869534635132890 74696.7
4685516083228073159 182658
4675107734997894787 35469.7
4678884028369367640 62945.9
4684171523089652348 143526
-4550994803945724001 -24185.4
4685069255554174463 169653
-4547553567532449825 -40641
4683391995215654297 125955
4679802125554914907 73715.8
4684890546861237860 164452
-4558946362897055163 -7006.44
-4540821268322632848 -113714
4685430619907419095 180170
4685016437543052864 168116
-4539287633340018262 -140990
4684479310387276130 152484
4677991791321714924 56454
-4550158137880455627 -27229.1
4676810234438510254 47857
-4542615110584779286 -87610
4682601009652654837 114445
-4543341025696755999 -77046.5
-4551816858300341727 -21194.7
-4541103997560885528 -109600
-4540043288091262802 -125035
-4542482438006347451 -89540.6
4671937662918315197 22586.2
-4548547063030640112 -33412.4
-4539589387874505233 -132208
4684833238889501350 162784
-4538675947853046010 -158793
-4538990861455204873 -149628
-4567639248851364704 -1823.08
4681899061907748862 104230
4685904957337454930 193975
4685220966874021714 174069
4679808353708545820 73806.4
-4546714958267165608 -46742.7
4681604709656145759 99946.9
-4545916141692870967 -52554.8
-4542975365569726724 -82367.6
-4541273247754571355 -107137
4674879408599080325 33808.4
-4541607386077012946 -102274
-4539352663961292541 -139098
4681120122996549710 92895.2
-4538982605966736604 -149868
4682806375587610633 117433
-4539513696466676466 -134411
4681475481169701358 98066.3
-4538282151866209348 -170254
4685428580318259512 180111
-4537979662206840599 -179057
4665969279672175806 8628.68
-4539731938889852584 -129566
-4541487758102944351 -104015
4682925379359541743 119165
4681134034315703152 93097.6
4678843309497472482 62649.6
4685666456585934198 187034
4677902572761972298 55804.8
4681878702471801283 103934
-4538542708387363088 -162670
-4539112226585089786 -146095
4665613923928919565 8087.14
-4538333056071042034 -168772
-4538218583805335515 -172104
-4540514114837249825 -118184
-4553659424429364408 -15437.8
4683527022852012209 127920
4673793790097273458 29338.8
4681764473992838453 102272
-4537971544083306169 -179294
-4539427147972648768 -136930
4686114521254911312 200075
-4540505137284932869 -118314
4684601588496179253 156042
-4538982517574274400 -149870
4686084347662659830 199196
-4538000675309079734 -178446
4684334637184380707 148273
-4538251889875093195 -171134
-4537314645973563263 -198412
4685056872183819015 169293
4675396580589896078 37571.3
-4539846376434979460 -127900
-4539500353776245190 -134799
-4547182535312874414 -43340.6
4684918796595326919 165274
4683527514318199644 127927
-4545389923041507271 -56383.6
4671502227845777227 21002.1
4674466000904593662 31784.2
-4552426471878499956 -18977
4679889265451240614 74983.9
-4538627397732964385 -160206
4668002974208254730 12327.9
4681811578647107064 102957
-4543254055888374009 -78312.1
4686007757258801225 196967
4674195539792286770 30800.3
4684431897787139991 151104
4681550769202888937 99161.9
4677322444005046317 51583.9
-4537744436112415243 -185903
4681550592405159593 99159.4
4683821774073199963 133347
4685088597401192204 170216
4684372192802109823 149366
4683791512082083810 132466
4685831845509272113 191848
4681440828200113253 97562.1
4684785974749774714 161409
4685889064275433085 193513
4679325353273004249 66777.9
-4570832497910396713 -1097.02
-4539511855033876815 -134465
4683777409438002943 132056
4684587744511773385 155639
-4538316041981830216 -169267
4678466214935361780 59905.9
-4541707243245163671 -100821
4677353779625887738 51811.8
-4541187327425808342 -108387
4680253138688088339 80278.9
-4543599765274547139 -73281.4
-4543927268476932529 -68515.6
-4541250325475027092 -107470
-4538277080740841489 -170401
4677551355000336146 53249.4
-4541036620685077576 -110580
4678544590635187600 60476.1
4661423566305795438 4276.04
4685722286163968869 188659
-4542587133749452289 -88017.1
4670800673097113105 18449.9
4680765945425545360 87741.2
-4538814943488880107 -154747
-4555873144869969943 -11411
4675322210632090610 37030.2
4685349028369964093 177796
-4552244070914739734 -19640.5
-4544139063036211964 -65484.8
4684020393465962823 139127
-4550439707887996536 -26204.8
-4537301857173374650 -198784
-4544611585936615332 -62046.7
4675648967409239606 39407.7
4683821839410377770 133349
-4541318074692717701 -106484
4679561719672448326 70217.5
-4559148585182199503 -6822.52
-4558702250447055698 -7228.46
-4543272219495754852 -78047.8
4680568470813125794 84867.6
-4539906419758388969 -127027
4676932675810327053 48747.9
-4537819278418641083 -183725
-4548408606399312430 -34419.8
4680125651391014594 78423.7
4679519386341618328 69601.4
4677802578030411252 55077.3
-4544731089421111634 -61177.2
-4539963250131682006 -126200
4676233284071182787 43659.2
4677226087180959877 50882.8
4681081098102232052 92327.3
-4543916197484304346 -68676.7
4681348082572408242 96212.5
-4540446955197154071 -119161
4685027245829646774 168431
4679816920004784460 73931.1
4678654487934722152 61275.7
-4541960815878262792 -97131.2
4668362209779569168 12981.4
-4538462456418913564 -165006
-4542049675823012448 -95838.2
4684428737529328600 151012
4679854548546615021 74478.7
-4538546279862837993 -162567
-4538787377416641450 -155550
-4545527719604076194 -55381
4674164675956448601 30688
4675359142956832578 37299
4679316450847237453 66648.3
-4542827353115244316 -84521.5
4682319567643238250 110349
-4542816398762763636 -84680.9
-4543951055550526831 -68169.4
-4540104276009073569 -124147
4685899616296874728 193820
-4537306629719684499 -198645
4683739141430712187 131007
-4544001570005168536 -67434.4
-4540061655156246421 -124768
-4550657902228803060 -25411
4685545901227296185 183526
4684999967855627315 167637
4682019950501999856 105989
4680210665732253580 79660.9
-4538923047995158351 -151601
4679845222853741435 74343
-4546750354640025586 -46485.1
4682278491974650802 109752
4685331610592390194 177289
4684963429705181162 166573
4684216081431494593 144823
-4540483677700240866 -118626
4682811502696151716 117508
4671013529521743428 19224.2
-4543061383011112269 -81115.9
4684807507789972936 162035
4684872273176238398 163920
4684381922080906015 149649
-4573627825453452404 -742.716
4674110672682183585 30491.6
-4539495201185884640 -134949
-4542418545417216035 -90470.4
4684252679553851038 145888
-4564464977406351638 -3041.64
-4554152564580264693 -14540.7
4684037686196949783 139631
-4568577854231142892 -1609.66
-4542889925989421050 -83610.9
-4539847723104321066 -127881
4679801023242136570 73699.8
4680993679019921494 91055.2
-4539169365320410718 -144432
4675903466453733130 41259.4
-4564485124792585451 -3032.48
4683889077211793137 135306
4680902981221351356 89735.4
-4539786849137621578 -128767
-4540990124457267266 -111257
-4574970823364265873 -590.034
-4538924637702154983 -151555
-4539158094474768795 -144760
-4545464016668828265 -55844.5
-4543818098689746250 -70104.2
4685178224854502749 172825
4684856347442426415 163457
4676947669645830237 48857
4683871122990699702 134783
4683484409464461818 127300
-4568748606085096387 -1570.84
-4544097611290061348 -66036.8
-4547327557904807570 -42285.4
4678968015268279760 63557
4676221019658667971 43569.9
-4542005930760969126 -96474.7
-4539336717553913960 -139562
-4538254862604640212 -171048
-4538740254118388345 -156921
4678328744770570867 58905.7
-4545637569550963316 -54581.7
-4542813376926293174 -84724.8
-4543999005637784661 -67471.7
-4538510646675521112 -163604
-4549649340982597964 -29080.1
4685213963861797562 173865
4674828910419510251 33441
-4542186188281149270 -93851.6
4678963366436843677 63523.1
4681934880741004762 104751
-4561118167255618310 -5031.19
-4539419791992407713 -137144
4684506457097912992 153274
4677144000816022160 50285.5
4664516034999320845 7088.62
-4540601793578020265 -116908
4672060510027283590 23033.1
-4549525230333922131 -29531.6
4683776408629939642 132026
-4547330924654991190 -42260.9
-4541605028125171696 -102309
-4543851274482101282 -69621.4
4681043445179806384 91779.4
4677858344416094628 55483
4685906235493994996 194013
-4544243106022175585 -64727.8
4684706145913980168 159085
-4539128343394132973 -145626
-4548232847611127265 -35698.6
-4537331790384994996 -197913
4682526211177719468 113356
4682281592151709960 109797
-4542962103281478582 -82560.6
-4538834017181363984 -154192
4684265821776631721 146270
4680813715987622817 88436.4
-4537933371389385562 -180405
-4552044713554399656 -20365.8
4685928543360774124 194662
4680453578014165984 83195.7
-4540685370206834019 -115691
-4556403434389250374 -10446.4
4684260960024746334 146129
-4538548744742284002 -162495
-4538626287250637896 -160238
-4546698877292731355 -46859.7
-4543184428647783685 -79325.3
4678873901791871636 62872.2
4683236035698756189 123686
-4539068225494785485 -147376
-4537965624605424046 -179466
-4537991940691978329 -178700
-4552991812600828523 -16920.3
4682459839975849892 112391
4680018205596172060 76860.2
-4551324819322580623 -22984.8
-4538895111271288379 -152414
4675162543420825385 35868.5
4674378539873317980 31466.1
4667803056811303464 11964.3
4675459996131196204 38032.8
-4545545094926890072 -55254.6
-4543253789264029808 -78316
4684584645103010291 155549
-4556995348730973993 -9369.75
-4539592318949600626 -132123
4676267560959847388 43908.6
4666889647547296690 10302.8
4676773325905336407 47588.5
4675523295787839949 38493.3
-4541311598968484982 -106579
4683774611009223060 131974
-4538221110993592344 -172030
-4538616362049942826 -160527
4685065928550507238 169556
-4539589971043230415 -132191
-4558613169284259233 -7309.48
-4541087066441246194 -109846
4683722044986564737 130758
-4542883749209186974 -83700.8
-4545285302040804565 -57144.8
4684441026123962043 151369
-4544573528339847632 -62323.6
4683395893639519390 126012
4678985332994498680 63683
-4537756899660867474 -185541
-4541966409547393891 -97049.8
4682388041056799122 111346
4677160433234686117 50405.1
4683861168338655497 134493
-4543360238169118969 -76767
-4540963831112276488 -111639
-4540331676841619295 -120838
4676416761110410754 44994.1
-4538766163206505002 -156167
4679537775815237154 69869
4682498170458574718 112948
4680771258897101789 87818.6
-4540395796769556156 -119905
-4547704862826380693 -39540.2
-4543566516801384418 -73765.2
-4550384191172924207 -26406.7
-4541238446145304665 -107643
-4546855744730698585 -45718.3
4668451308357076416 13143.5
-4539384754164113571 -138164
4671822607560713106 22167.6
-4537457881425618649 -194243
-4546551416692507041 -47932.6
-4546658796388278168 -47151.3
-4543284657645619689 -77866.8
4681264742924515538 94999.7
-4542048243142926436 -95859
4678463573892030678 59886.7
4671483680000729668 20934.6
4685009049255962304 167901
4679850738284723312 74423.2
4683255009243848077 123962
4680176920261171761 79169.8
-4543464564912429027 -75248.8
4678256240414878733 58378.1
-4537339987988757284 -197674
4668476353272182364 13189
4683968492954001280 137617
4676747004235830726 47397
4678080442315544942 57099
4664868081982899253 7408.81
-4547678541156875008 -39731.7
-4545558156113643366 -55159.5
4680754909159899288 87580.6
4683038085562292524 120805
4679625966407650606 71152.4
-4539359346209909826 -138903
-4537709674627410515 -186915
-4538131334164319485 -174643
4679843462969166550 74317.4
-4540045578778783619 -125002
4676775138238922620 47601.7
4680244371418404200 80151.3
4673190195811461040 27142.9
-4537272901644106070 -199627
-4537335923305623865 -197793
-4543280005203192102 -77934.5
-4542079192016333992 -95408.6
4678777558310526841 62171.2
4684156108682481064 143077
-4539868071220706631 -127585
-4544414230883868316 -63482.7
4679338007314063171 66962
4684451086960924808 151662
