4614813674217856963 3.38896
-4615954711138333800 -1.05216
4613533037520656086 2.82024
4613877169984489953 2.97307
4616303154749605255 4.10084
-4609404944078277454 -3.013
-4613300491991121290 -1.64151
4613199474811779159 2.67211
-4611204552878543062 -2.21381
4603017940158579884 0.53765
-4626091372315766609 -0.225171
4608460609009251627 1.28382
-4614626777463689091 -1.34702
4593977871481618333 0.1335
4616758336395261725 4.50512
4616354162965564940 4.14615
4608767521421631238 1.35196
4612056928626187673 2.16472
-4608149873221945836 -3.57036
4607477974317367498 1.06563
-4606260728657564964 -4.81863
-4610421929729498474 -2.56137
-4608051821316454022 -3.61391
4614005858879189698 3.03022
-4608488077322775194 -3.42017
-4616308564266166651 -0.986794
-4607884898288964629 -3.68804
-4607414227885117566 -3.89706
4617282076484616527 4.9703
-4609869420677357999 -2.80673
4593809711916071510 0.128833
4614789548475063089 3.37824
4607732401588553255 1.12212
-4611614100644741963 -2.03194
4608850097177181123 1.3703
4597885172212723479 0.24195
-4634101230921460413 -0.0639264
4616988777434395115 4.7098
-4611535254204405786 -2.06695
4613269645930915050 2.70327
4598471270398619294 0.266434
4613237256530940364 2.68889
-4616244338077294906 -0.993925
4615965396847691858 3.90043
-4611328829627872917 -2.15862
-4614073766243911574 -1.46981
4614085444077240746 3.06556
4616385920699593835 4.17435
-4606860289552293146 -4.28611
4616725779572995882 4.47621
4598336742077641706 0.258966
-4607043120705872796 -4.12372
-4609285210173909248 -3.06617
4610001989929582464 1.62607
4615936305293410602 3.88751
-4613913804150074540 -1.50533
-4606797658557579640 -4.34174
-4606302480862562055 -4.78154
-4622109576225967240 -0.421376
-4606785595686182703 -4.35245
-4610318587394511481 -2.60726
4616964764669657083 4.68847
4616197281452331104 4.00681
4615054421194528842 3.49587
-4610955351282475139 -2.32448
4600807005477124996 0.396093
-4615094382746923028 -1.24319
4613020444334847127 2.5926
4593662799916466907 0.124878
4610203740230346176 1.67087
4599343706469283360 0.314864
-4606518475334862742 -4.5897
-4619601042919585261 -0.621256
4616529584856226025 4.30195
4616518085282102557 4.29174
4612138928632904513 2.20113
-4611350783336074858 -2.14887
4612533335929418932 2.37628
4608958964212742610 1.39447
-4614145116458885021 -1.45397
4611107214320271512 1.87148
-4608696588987522101 -3.32757
-4619822400478111502 -0.59668
4615708450339785737 3.78632
4614567216958054067 3.27951
-4613081298538719100 -1.69019
-4610109700971248430 -2.70003
4616006739075688659 3.91879
-4613979631973026066 -1.49072
4611053758521511672 1.85961
4616805876747420920 4.54735
4606128892915087568 0.883035
4609736259776086147 1.56707
4615228419632718719 3.57314
-4619773532828351797 -0.602106
4616441366115508673 4.2236
-4616136582043725923 -1.01178
4614243422069378696 3.13572
4610943777301179062 1.83519
4616295580117022595 4.09411
-4627919567619597195 -0.174428
-4609814866080695535 -2.83096
4616736157947900023 4.48542
4616398278527754099 4.18533
-4608285757081120655 -3.51002
4615730589703665774 3.79615
4609008395525383660 1.40545
-4619091001969218724 -0.677882
4608044511524244452 1.19142
-4611278236893923501 -2.18109
4613598156200130484 2.84916
-4612054821466848795 -1.91811
-4620444143826219083 -0.527653
-4610045509389773384 -2.72853
-4609180209629635558 -3.1128
-4611170005984723862 -2.22916
4603239914027521237 0.562294
-4617704482662188863 -0.831816
-4608778084403143995 -3.29138
4616248829733795390 4.05259
-4607287762210112029 -3.95322
-4607801559196404844 -3.72505
-4636670358092046275 -0.0453863
4613025525114341773 2.59486
4617123110337964372 4.82911
4616565128344878335 4.33352
4610953938839276477 1.83745
-4615452465971529555 -1.16368
4612785400047108436 2.48822
-4614800811762788375 -1.30838
-4611572123731922930 -2.05058
-4610183579385558109 -2.66722
4605756367197564636 0.841676
-4610456160915696048 -2.54617
-4608391857729039376 -3.4629
4612390086596702838 2.31267
-4607788089962093295 -3.73103
4613765688497471939 2.92356
-4608654590159122544 -3.34622
4612679978740402193 2.44141
-4606913841772295130 -4.23854
4616734494103029105 4.48395
-4606667078415134710 -4.45771
4596907542943328306 0.214815
-4608926218883804664 -3.2256
-4610358571462380290 -2.5895
4613862768742587609 2.96667
4612401435096430059 2.31771
4609703042357845793 1.55969
4616928547501491362 4.6563
4608935613297491798 1.38929
4613008916405221597 2.58748
-4607126397143689023 -4.04976
-4607999572357946361 -3.63711
4596421813286974355 0.201333
-4606955368125639932 -4.20166
-4606861984567846755 -4.2846
-4609564298093099498 -2.94223
-4622776940124513920 -0.38433
4614353574174831319 3.18463
4604754095288964247 0.730402
4612915731722442624 2.5461
-4606660455856792123 -4.4636
-4608513382046501292 -3.40893
4617294067242471926 4.98095
-4609556974434652995 -2.94549
4615930092435250914 3.88475
-4607787945745456159 -3.73109
4617269452394688028 4.95909
-4606684220368561168 -4.44249
4615494548277905133 3.69133
-4606889154810969694 -4.26047
-4606124575115576808 -4.93955
4616431264077481164 4.21462
4606600158664349681 0.935356
-4609019574117433594 -3.18414
-4608632820905315689 -3.35589
-4615833903412303690 -1.07898
4616318625530334417 4.11458
4614353975100425257 3.18481
-4614371535994215277 -1.4037
4602884697189533812 0.522857
4605302467738720084 0.791284
-4621189684420474779 -0.472441
4611085950315653774 1.86676
-4607208550308145630 -3.9884
4599200417431552217 0.30691
4612954158499243723 2.56317
-4611912925959195911 -1.94962
4617206971894621141 4.90359
4605081832454216586 0.766788
4615653233721278053 3.7618
4612741396799657977 2.46868
4608462359038344236 1.2842
-4606475186960487082 -4.62815
4612741252572574902 2.46862
4614657786959565849 3.31973
4616457144701506426 4.23761
4615555822110077840 3.71854
4614608413036914976 3.2978
4617063467571305250 4.77613
4612651709730714444 2.42885
4616210272852821068 4.01835
4617110145182896746 4.81759
4610165899940803662 1.66247
-4639843042439443193 -0.0273107
-4608651585771200158 -3.34756
4614585403881458253 3.28759
4615907505295739450 3.87472
-4606941488465152705 -4.21399
4609395418221842058 1.49138
-4610537621849272514 -2.50999
4608487921839445178 1.28988
-4610113487770465768 -2.69834
4611679627347078603 1.99858
-4612476967777431784 -1.82437
-4613011305313928452 -1.70573
-4610164879973928912 -2.67552
-4606909704877424192 -4.24222
4608649098796015722 1.32567
-4609990545051144265 -2.75294
4609459355120872514 1.50558
4592335232685370699 0.106454
4616974091848803712 4.69675
-4611255414104468743 -2.19123
4601945954227485666 0.459318
4612101157558155396 2.18436
-4607514540406766062 -3.85251
-4624582836857904539 -0.284083
4606478820430849378 0.921885
4616669597650466080 4.42631
-4620892088302573113 -0.48896
-4613351116271807210 -1.63027
4614981844239788968 3.46364
-4619320699607417254 -0.65238
-4606114142338221109 -4.94882
-4613736588414828705 -1.54468
4607011940137965791 0.981073
4614657893560375784 3.31978
-4610220148059579228 -2.65098
4610551543313661167 1.7481
-4628084535407517633 -0.16985
-4627720426902482334 -0.179956
-4611942560775439176 -1.94304
4611940062800680722 2.11282
-4609068555930863246 -3.16239
4608144396075762321 1.2136
-4606536241407043891 -4.57392
-4617478583877821553 -0.856896
4611471625569517838 1.9524
4610482474408250036 1.73276
4608854040143190088 1.37117
-4613834076312723181 -1.52304
-4609114916701448711 -3.1418
4607573850114351074 1.08692
4608383753596272246 1.26675
4612358251082210368 2.29853
-4612993242446498671 -1.70974
4612576050210642919 2.39525
-4609509510969829571 -2.96656
4616407095652579558 4.19316
4610967915171708394 1.84055
4609549006537825421 1.52549
-4610744479942729744 -2.41813
4599493472657882874 0.323178
-4607060929632519673 -4.1079
-4610816969621647276 -2.38594
4615648077605669614 3.75951
4611029307983129040 1.85418
-4607129310662385969 -4.04717
-4607469565007980312 -3.87248
-4614483946919123034 -1.37874
4605056654523300971 0.763993
4606539077329945272 0.928575
4610151375196561692 1.65924
-4611451378942676736 -2.1042
4613368562979540590 2.7472
-4611442442661022374 -2.10817
-4613050115091091752 -1.69711
-4609229962019111001 -3.09071
4617118753253140213 4.82524
-4606118035659903838 -4.94536
4614526615106892718 3.26148
-4613132531901230174 -1.67881
-4609195193013285760 -3.10615
-4619498696991404473 -0.632618
4616830201511472148 4.56895
4616384842976373624 4.17339
4613124142949483747 2.63866
4611610330636624544 1.98319
-4607690918210549890 -3.77418
4611014092657843967 1.8508
-4615481341430665770 -1.15727
4613335054495649273 2.73232
4616655388671298401 4.41369
4616355036084173273 4.14692
4615301118752717993 3.60543
-4609539468252217148 -2.95326
4613769871061989230 2.92542
4602293239923430145 0.478596
-4611642294569018460 -2.01942
4616227838958387362 4.03395
4616280672910384293 4.08087
4615571695905588788 3.72559
-4642385364100553376 -0.0184902
4605012600028072606 0.759102
-4608624414201442934 -3.35963
-4611117884038391410 -2.2523
4615360830384231550 3.63194
-4633251190526687507 -0.0757231
-4623179231295196239 -0.361999
4615010058178485048 3.47617
-4637436048446705800 -0.0400733
-4611502424299173383 -2.08153
-4609020672695971496 -3.18365
4610941978823820260 1.83479
4612286936822159782 2.26686
-4608092797006888861 -3.59571
4607304793305260903 1.02717
-4633267626251053882 -0.075495
4614767595330941868 3.3685
4612212947868921075 2.234
-4608971013264909340 -3.2057
-4609952614613146115 -2.76979
-4643750679338532079 -0.0146892
-4607693511895479212 -3.77303
-4608074408069465732 -3.60388
-4614431979687596654 -1.39027
-4612833189452098381 -1.74528
4616530260494353042 4.30255
4616267681102502698 4.06933
4608156627664746876 1.21632
4614738302138695479 3.35549
4614318811258988653 3.16919
-4637575343458676986 -0.0391067
-4613289227967704696 -1.64402
-4615952209147859120 -1.05272
4609804774148366830 1.58228
4607563845119099098 1.08469
-4610781283514586533 -2.40178
-4608365840383338382 -3.47446
-4606891579887993756 -4.25832
-4607392681035803051 -3.90662
4609283273563925510 1.46648
-4614573559706992636 -1.35884
-4611439977523821329 -2.10926
-4613128348010078600 -1.67974
-4607100242016049466 -4.07299
-4618675938423277442 -0.723963
4616559415465931418 4.32845
4605673976941003764 0.832529
-4610928333006876251 -2.33648
4609800981750126062 1.58144
4613054745205905368 2.60784
-4629691270281212348 -0.125254
-4608501380403977206 -3.41426
4615774880893431360 3.81582
4608316789631185316 1.25188
4595526183470661273 0.176474
-4609635824175905974 -2.91047
4603340129569069842 0.57342
-4618574692118228477 -0.735204
4614583771014020148 3.28686
-4615954955656879508 -1.05211
-4610454237358660798 -2.54702
-4612887317384372620 -1.73326
4612327534787431736 2.28489
4608899532939792293 1.38128
4617124153025504375 4.83003
-4613435991888907495 -1.61143
4616100682990223413 3.9605
-4608025867722320204 -3.62543
-4617191824795124136 -0.888733
-4606138561089610641 -4.92713
4613537137510023692 2.82206
4613337583541106583 2.73344
-4611561304695071984 -2.05538
-4607545660071488414 -3.83869
4615382272565234888 3.64147
4612140127565580685 2.20166
-4606629315545670865 -4.49125
-4620630022337092184 -0.507016
4617142351214854029 4.8462
4611846336182574025 2.0712
-4609704003860293436 -2.88019
-4625015433536804906 -0.260069
4615374340378598012 3.63794
-4607131321448236838 -4.04538
-4607206738501768358 -3.9892
-4615439347522303594 -1.16659
-4611799325701430144 -1.97484
4609727998772173902 1.56523
4614116194269092210 3.07921
-4607927782421160642 -3.66899
-4606655626897554714 -4.46789
-4606677094890473913 -4.44882
-4622112065535071690 -0.421238
4613482993574570536 2.79802
4611296322485746687 1.91347
-4620042750964527577 -0.572216
-4607645338075449708 -3.79442
4606218315545079262 0.892963
4605231119257772541 0.783362
4599037329912694827 0.297857
4606703624230081882 0.946843
-4614498121264779167 -1.37559
-4611912490948502235 -1.94971
4615902448458337540 3.87247
-4625799787042005678 -0.233264
-4608782866595911430 -3.28926
4607601812326803368 1.09312
4598292193907324899 0.256493
4608014402483251608 1.18474
4606806900724313845 0.958309
-4610214865328741269 -2.65332
4614580838107659973 3.28556
-4606864046183637961 -4.28277
-4607190545050070752 -3.99639
4616438652030683681 4.22119
-4608779035871519591 -3.29096
-4627647756759518495 -0.181973
-4610031697413749458 -2.73467
4614512668263347274 3.25528
-4611497385439232903 -2.08377
-4614286188847417738 -1.42265
4615668127050486077 3.76841
-4613705541997032297 -1.55158
4614246602304242236 3.13713
4609818901508188266 1.58542
-4606485354405763138 -4.61912
-4610749043115489154 -2.4161
4613424421845730513 2.77201
4608330194779659633 1.25486
4614722060635677374 3.34827
-4612086167557750095 -1.91115
-4609931165172215005 -2.77931
-4609415469824492381 -3.00833
4607723526008251812 1.12015
-4607434952983729955 -3.88785
4610512477736337774 1.73942
4613514262605778069 2.8119
4612105492152872374 2.18628
-4609467777228030085 -2.9851
-4616330391724746948 -0.984371
-4612422721262855300 -1.83642
-4619275410485738334 -0.657408
-4610155189119407672 -2.67982
-4615567315981465892 -1.13818
4599566157007324070 0.327213
-4608444214468748108 -3.43965
4603146054798215900 0.551874
-4606241422947953419 -4.83577
-4615319052921700788 -1.1933
-4615406650541648008 -1.17385
-4611962854226950325 -1.93853
4612508063849252955 2.36506
-4610815800877735505 -2.38645
4609393263725982104 1.49091
4602869566330113434 0.521177
4616392251351387355 4.17997
4611023091353985281 1.8528
4614131672403762597 3.08609
4611555273245568684 1.97097
-4612256381755977745 -1.87335
4609224126357846860 1.45335
-4606145248485898086 -4.92119
4599586588010963130 0.328347
4614897166009156546 3.42604
4607992929935902903 1.17997
4609080714747464687 1.42151
4595813374430270590 0.184446
-4616287446630049533 -0.989139
-4614508776248154361 -1.37322
4612092154453827723 2.18036
4613954711591217954 3.0075
4610656365013009143 1.77137
-4608402760145377329 -3.45806
-4606446829426687253 -4.65333
-4606790808533687151 -4.34782
4611011221319849672 1.85016
-4609182078314151985 -3.11197
4608015880938815879 1.18507
4611665323116613973 1.9954
4604261698449215266 0.675735
-4606090521155184364 -4.9698
-4606141932620959466 -4.92414
-4611955263538959055 -1.94022
-4610841048180133606 -2.37524
4609649404214770594 1.54778
4615203270271446922 3.56197
-4609037272170881386 -3.17628
-4613575591191088710 -1.58043
4610186545629385954 1.66705
4615684541799406463 3.7757
4609556840449065938 1.52723
-4612313767609565646 -1.86061
4615819243763232008 3.83552
-4609151757847348941 -3.12544
-4608498398370364790 -3.41559
4585129684241648648 0.0344784
4614561748226822018 3.27708
4610559532785828832 1.74987
4616219287264877968 4.02635
-4609260484907324621 -3.07715
-4615960918888429200 -1.05078
4611805007408946963 2.05284
4615458300419569926 3.67523
4602177496326067538 0.472171
4612542871254350840 2.38052
4616536870272088970 4.30842
-4610202811822128860 -2.65868
4616470595707654005 4.24956
4602791190406218399 0.512476
4616547362220467490 4.31774
-4635181291291992112 -0.0557188
4602892179615810811 0.523688
4616611397342664612 4.37462
4613904216004503460 2.98508
4614229330789831393 3.12946
4606654453522732964 0.941384
4609731632830867682 1.56604
4617241422408981952 4.93419
4616574636975212517 4.34197
-4612821274082586470 -1.74792
4615579107905343434 3.72888
4606175243051706881 0.888181
4608859909194151596 1.37248
4612999691021752853 2.58339
4613360806326466687 2.74376
4613797985973181323 2.9379
-4610868286906834198 -2.36315
4607361769364652449 1.03982
-4624417873916899916 -0.29324
-4608718582724563206 -3.31781
4613811002605837520 2.94368
4615372193382922436 3.63699
4615550213925556949 3.71605
4610055266308889932 1.6379
-4617343886416195822 -0.87185
4607702830617890618 1.11555
4606869961146366505 0.96531
4609211224954346411 1.45049
4600590967325129385 0.384101
-4608301054313015298 -3.50323
4605265814066091370 0.787214
-4606447622931569676 -4.65263
4611689336922713086 2.00147
4595682653946631968 0.180817
4614643666859672186 3.31346
4594569432541807128 0.149919
-4607500349295377452 -3.85881
-4631392833200060235 -0.101513
4592093360555691514 0.103097
-4606621881666896483 -4.49786
4614234101878565418 3.13158
-4615518420921561622 -1.14904
4608854767577506823 1.37134
-4621108306793263746 -0.476958
-4608203250038959086 -3.54666
-4617397296796011847 -0.865921
-4610514929613166366 -2.52007
-4616830988083609807 -0.928794
-4606273694987800755 -4.80711
4612063654327734309 2.1677
4604790216385826782 0.734412
4614202597573468403 3.11759
4605594292558759636 0.823683
-4620418027264987198 -0.530552
-4626078584313382536 -0.225526
4617239907115812952 4.93284
-4606736551604509246 -4.39601
-4606910820446282266 -4.24123
4608994296014436238 1.40232
4606904126094863366 0.969103
-4609966900197609205 -2.76344
-4609903763248605681 -2.79148
4608522174157777833 1.29749
4616436239488786705 4.21904
4612519970444175904 2.37035
-4623033886496622836 -0.370067
-4619683971434503251 -0.612049
4615046943531600138 3.49255
4616763187719255045 4.50943
4616721110802236704 4.47206
4616134911857422478 3.97571
4613172198605048580 2.66
-4613226306706454585 -1.65799
4600265423138577139 0.36603
-4609889142245033622 -2.79797
-4626146710222074790 -0.223635
4616731311993119472 4.48112
-4623629037700776854 -0.337029
4615803621693964844 3.82858
4616927109476934913 4.65502
-4609095689320712551 -3.15034
-4622170098911541150 -0.418017
4613468537815311302 2.7916
4613159500176593484 2.65436
4616226145718643424 4.03244
-4610751655697122559 -2.41494
4613051035696192459 2.60619
4616884799824390326 4.61745
-4613148984736045025 -1.67516
-4616437271148773767 -0.972505
4603629409841878263 0.605537
4603060849653516374 0.542414
4608159820173589024 1.21703
-4609258601264223202 -3.07799
-4626293741245943926 -0.219554
-4614416838256885762 -1.39364
4609582636675125116 1.53296
4616357837512719213 4.14941
-4609699711216468442 -2.8821
4607458830128091437 1.06138
4615379999863126507 3.64046
-4607435962416622391 -3.8874
-4615020304554025404 -1.25964
-4609437501772779222 -2.99854
4609252442416044940 1.45964
4606492457437391045 0.923399
4610599907009528221 1.75883
4606819847128920535 0.959746
-4606738091033020858 -4.39464
4603637239365824298 0.606406
4603883608096292140 0.633758
-4610416076378783639 -2.56397
-4606290005104970752 -4.79262
-4613687166273722306 -1.55566
-4606179667349063002 -4.89062
4616438253319628862 4.22083
4607229326742579002 1.01042
4613254575396793776 2.69658
4615868209521253049 3.85727
4616545708011975519 4.31627
-4608855646254102240 -3.25694
-4620529203062039314 -0.518209
-4629893051039102045 -0.122327
4613805189357083424 2.9411
4608915462161456842 1.38481
4616909215666585780 4.63913
-4608457957041951728 -3.43355
-4611543606453597286 -2.06324
4615756209591824658 3.80753
-4614682565694437878 -1.33463
4616142654523383737 3.97914
4612737548797682636 2.46697
-4625520180001418998 -0.241025
-4611097155356821862 -2.26151
4616695646208633520 4.44944
-4607717448034029956 -3.7624
4615385507421914709 3.6429
4608205934440900321 1.22727
4612087647522005177 2.17836
4616447756267372099 4.22927
-4609102438786770955 -3.14734
-4611305702057248979 -2.16889
-4608723310211946845 -3.31571
-4609526653988741830 -2.95895
4608337419462831841 1.25646
-4608926849902102222 -3.22532
-4607814881926418565 -3.71913
-4610077930138011729 -2.71413
4616698833572850590 4.45227
-4606233424795210248 -4.84288
-4608581067449935836 -3.37888
-4607665034698222430 -3.78568
-4622853625185116193 -0.380073
4609343291334580343 1.47981
4616343232951055516 4.13644
-4607235848722943032 -3.97627
4607803596576869610 1.13793
-4606869281516026621 -4.27812
-4615926139509786295 -1.0585
-4638087224565699899 -0.0355548
-4619506585430447820 -0.631743
-4611550072845148248 -2.06037
-4610448443831839985 -2.54959
4616311490478543849 4.10824
4604112155302310382 0.659132
-4609251457537080096 -3.08116
-4606467284539554067 -4.63517
-4619081140166901836 -0.678977
4614224057763270989 3.12712
4612866421603588624 2.5242
-4614249846756264654 -1.43072
4617271369203646532 4.96079
-4606477940901793242 -4.6257
4597619996947519535 0.234589
-4609481113684007966 -2.97917
4609937593074955432 1.61177
4611642263663959812 1.99028
-4612959220377558724 -1.71729
4615916359681230177 3.87865
4609261040531308312 1.46155
-4613581329563350338 -1.57916
-4606640592636957446 -4.48124
4613165187969617319 2.65688
4613986867618464099 3.02178
4611594071866468878 1.97958
4610840731892014944 1.81231
4616219479094106156 4.02652
-4612300764065671316 -1.8635
4612846143194229978 2.5152
-4611656758455218422 -2.01299
4614122371475261277 3.08196
-4609214542621956956 -3.09756
4606350567695896626 0.907646
-4606677286724925070 -4.44865
-4607249244867017726 -3.97032
-4608501447174420822 -3.41423
-4610450235978959609 -2.5488
-4608028018948601174 -3.62448
4606171826268549280 0.887802
-4606729025947712708 -4.40269
4615921064344236578 3.88074
4616682872464956511 4.4381
-4606706255795345776 -4.42292
4616455384597305417 4.23605
-4624146135008450702 -0.308325
-4610737830266728892 -2.42108
4605982729280229080 0.866808
-4608760813202111331 -3.29905
4605765041213022525 0.842639
-4625717239887437436 -0.235555
4614260966483952158 3.14351
4616464895029564119 4.2445
4598431353707058578 0.264218
4605555519530410582 0.819378
4612328378965565409 2.28527
-4610025969268062344 -2.73721
-4610899407563920777 -2.34933
4608672098456113677 1.33078
4600522549932948599 0.380303
-4606264654450449818 -4.81514
4616526029371887198 4.29879
-4613853371821875058 -1.51875
-4609588056514885966 -2.93168
4597289893400975695 0.225427
-4616312239356509767 -0.986386
-4612041831941404922 -1.92099
4610750195265279033 1.79221
4609190249759056757 1.44583
-4620112616790643266 -0.56446
-4611008215924641555 -2.301
4611740390980677120 2.02415
-4613195924796636935 -1.66473
-4609785682142527650 -2.84392
4612997107563398047 2.58224
-4610763462094596327 -2.4097
4610914860580582853 1.82877
-4606259347986437908 -4.81985
4614924382130844620 3.43812
4615087876498143493 3.51073
4607199531936330348 1.0038
-4612683813544680712 -1.77844
4610214346222266341 1.67322
4598486561749450139 0.267283
4614988925312188518 3.46679
-4610586214729046475 -2.48841
-4610721204091998306 -2.42846
-4606899326361499870 -4.25144
4594330068774625546 0.143276
4615926886336241818 3.88332
4607677267127357685 1.10988
4599240755303383060 0.309149
4614390666367989286 3.2011
4616833789874404729 4.57214
4612493241030134798 2.35848
-4613692463263267324 -1.55448
-4614409530800091020 -1.39526
-4606570462178640045 -4.54353
-4606345552917204982 -4.74329
-4606134833424855336 -4.93044
-4629629284077767282 -0.126974
-4611543526751080891 -2.06328
4611854262822417166 2.07472
4614364093423672040 3.1893
4589983289186136480 0.0738141
-4623862744365104090 -0.324056
-4606955656835731593 -4.20141
-4609257611542818111 -3.07843
-4628335086859191839 -0.162896
4616434759424547790 4.21773
-4606564623091855241 -4.54871
-4607024671641623406 -4.14011
-4610466156123102960 -2.54173
4611923633511012918 2.10552
4607669651181085334 1.10819
-4607119419789020179 -4.05595
4616863045043432287 4.59812
4615425662698727647 3.66074
-4608699278503498004 -3.32638
-4625571047045732838 -0.239613
4612953888377700937 2.56305
4613407545072917579 2.76451
-4606156188162901303 -4.91148
4605229120698893556 0.78314
4612486846109700109 2.35564
4612649822347966777 2.42801
4616425688390277245 4.20967
-4607159189433094225 -4.02063
4613634951707722182 2.8655
4616693343803496912 4.4474
-4607249831907911089 -3.97006
-4611139988324807482 -2.24249
-4610341935656493725 -2.59689
4614130718522375034 3.08566
-4607143919950837171 -4.03419
4612717192889900776 2.45793
-4611191966848394182 -2.2194
-4608860939765149492 -3.25459
4616595523139762034 4.36052
4613034201344338778 2.59871
-4607162299351117776 -4.01787
4617082248727631962 4.79282
4614927749619614962 3.43962
-4613583901207347866 -1.57859
4611313686081111920 1.91733
-4621896456669395040 -0.433207
-4619310362682000010 -0.653528
4609589308830787211 1.53444
-4612796231698178421 -1.75348
4607187396449986793 1.00111
-4607889060431670708 -3.68619
-4606989385791616489 -4.17145
-4615219563790766877 -1.2154
-4608045641749502688 -3.61665
4609851722920872063 1.5927
-4607540976561508971 -3.84077
4615722087899962187 3.79237
4605573419315836964 0.821365
-4609703560430172734 -2.88039
4610230739473443774 1.67686
4598855290702329694 0.287752
-4612274013832873304 -1.86944
4616657304561014251 4.41539
4613198937096610887 2.67187
-4607712074005683050 -3.76479
-4606507085155837958 -4.59982
4594528828758147038 0.148792
-4616175310864860120 -1.00318
-4609719315068854781 -2.87339
-4621202961710652814 -0.471704
-4608566205333194261 -3.38548
-4612090219098851507 -1.91025
-4619252964669338834 -0.6599
-4606138856547779050 -4.92687
4609398987829090733 1.49218
-4607804846502145585 -3.72359
-4622871801453662358 -0.379064
-4607022132834435877 -4.14236
4613469133923279924 2.79186
4613596590719446410 2.84846
4610964337771789046 1.83975
4616287218106100876 4.08669
4615419567305154700 3.65803
-4606780863675707372 -4.35665
-4606607109024847459 -4.51098
4598530488093895928 0.269721
-4608946908904953089 -3.21641
4616485064498222439 4.26241
-4607430284662146166 -3.88993
-4615668167826957304 -1.11579
4606806461284541937 0.95826
4608888553777138748 1.37884
4611667049182721968 1.99579
4600744746760017066 0.392637
-4616817392275852497 -0.930303
4614415231602784767 3.21201
4605145284181153142 0.773833
4616414236486197496 4.1995
-4609947235591640250 -2.77217
4613670873830334092 2.88145
-4615049242396310754 -1.25321
-4615394111027266560 -1.17664
-4607171375368101338 -4.00981
4614090709854319319 3.0679
-4615637947202441509 -1.1225
4612729458856471369 2.46338
4616555899101635043 4.32532
4615017448471577953 3.47945
4614617929517372496 3.30203
4611992653414523080 2.13617
4608744738661015644 1.3469
4594960470845335972 0.160773
4608271603402007898 1.24185
4582552119593453216 0.0239215
4605247061557753027 0.785132
4610388449506348358 1.71188
-4606408509955796988 -4.68737
4612923912010582369 2.54974
4607121881350351115 0.993279
-4608091509565769518 -3.59628
-4608202344480486445 -3.54706
-4609367852094038271 -3.02947
4613405419470525564 2.76357
4614905502077588163 3.42974
4612461035541366354 2.34418
-4609101520609603712 -3.14775
4610158127618820900 1.66074
-4612302999768262912 -1.863
-4607341714880417714 -3.92926
4615895932417237373 3.86958
-4607266722270890971 -3.96256
-4626945633037127163 -0.201461
-4611037336487296078 -2.28807
-4609453678009568961 -2.99136
-4611428018281364614 -2.11458
4609751469251645243 1.57044
4616699689356422756 4.45303
-4609951537772607770 -2.77026
4589628032319309869 0.0688839
4613429029528637018 2.77405
4616580216522190985 4.34692
-4608161448805946176 -3.56522
-4611582015085801926 -2.04619
4603649405333418548 0.607757
4609162697152773907 1.43971
4615559018191431206 3.71996
-4610196737811393539 -2.66137
4610485146960020608 1.73335
4608482520662102187 1.28868
4614642445865172339 3.31292
4614203716051520556 3.11808
4613313237817278273 2.72263
-4606397028050979745 -4.69757
4606287443804317148 0.900638
4607954140068699788 1.17136
4613099296635355219 2.62762
4613338619276874023 2.7339
-4611350690868620712 -2.14892
-4606938781937964753 -4.21639
4615706957949338519 3.78566
-4608847962628589558 -3.26035
-4608988491149295790 -3.19794
-4614402514325379724 -1.39682
-4620086036722195460 -0.567411
-4615251567474435160 -1.20829
4609297399983612410 1.46962
-4607232006100626401 -3.97798
-4612873767476072327 -1.73627
4615469870770154708 3.68037
4607506304686502338 1.07192
-4607310261823098605 -3.94323
4614042025102509749 3.04628
4612784234154938077 2.48771
-4616151782995398598 -1.0084
-4614717039487574284 -1.32698
-4615948242657594989 -1.0536
-4611079258245555928 -2.26946
4607116309569928465 0.99266
-4606843235689472292 -4.30126
4616189884818553078 4.00024
-4619113048165766688 -0.675434
4615734392422494513 3.79784
4610523439057327097 1.74186
-4622638967401315393 -0.391989
-4624610719660326733 -0.282535
-4611533346587873811 -2.0678
-4610007572840900779 -2.74538
-4610493364514796001 -2.52964
4605059392362191792 0.764297
-4611772665011223288 -1.98076
-4607801661806865991 -3.725
4612778048424882591 2.48496
-4627081434258476662 -0.197691
-4629130959292851360 -0.140806
-4609291310685992420 -3.06346
4615232674148865488 3.57503
-4607965600523528215 -3.6522
-4611549940578665602 -2.06043
-4609113906443327075 -3.14225
-4606109614723438871 -4.95284
4616172725927657503 3.9925
-4611450792068918401 -2.10446
4614105459541416864 3.07445
4609430580423266201 1.49919
4611092216207846982 1.86815
-4608908327841629429 -3.23354
-4606579594055283689 -4.53542
4616842308704989276 4.57971
4613352642950302569 2.74013
-4607507445681523926 -3.85566
4615286490280299379 3.59893
-4609622658061859265 -2.91632
4617229039975411810 4.92319
4600152736440873465 0.359774
4610212020517462262 1.67271
-4623569129570700263 -0.340355
4614552528755754884 3.27299
4615983216105372640 3.90834
4611935996186088987 2.11101
-4616696462520360196 -0.943729
-4609313897167409710 -3.05343
4614764281785001760 3.36702
-4608443917125087665 -3.43978
4610469538303339430 1.72989
-4612790327799563610 -1.75479
-4613837684778865828 -1.52223
4599506604373451670 0.323907
-4622026651931208706 -0.42598
4608976415010808610 1.39835
4612052322102780423 2.16267
-4622534127442465632 -0.397809
4601054525433664508 0.409834
-4606143436157223852 -4.9228
-4611000630762552142 -2.30437
-4609272120012286748 -3.07199
4611354370820801136 1.92636
-4620180674675379196 -0.556904
-4610275513114883499 -2.62639
4609547048216704381 1.52505
-4609889564689262392 -2.79779
-4613933146749520508 -1.50104
4594319126611488785 0.142972
-4618593731304923304 -0.73309
-4613672749248005770 -1.55886
-4606643939353977609 -4.47827
-4607135812084394170 -4.0414
4614122015508989823 3.0818
4615684612455739476 3.77573
4617144331660474378 4.84796
4596798936262356425 0.2118
-4611350481155944548 -2.14901
-4609014281786777476 -3.18649
-4614378324434072985 -1.40219
-4619722433424565526 -0.607779
4615118683944187926 3.52441
4610893519735636074 1.82403
4613602298223957588 2.851
-4615592010390746005 -1.1327
-4608121505863740152 -3.58296
-4618606559294362786 -0.731666
-4607292675854578849 -3.95104
4607183506110619714 1.00024
4616931788693633330 4.65918
-4607423753161055926 -3.89283
4615462016823602732 3.67688
-4608547418697972418 -3.39382
4613970571577197227 3.01455
-4612311858718629085 -1.86104
-4616013092782417490 -1.0392
-4621748620472529348 -0.441413
4599475691914380075 0.322191
4612678562741108630 2.44078
4616958124144299003 4.68257
4616831508099998118 4.57011
-4607070852360777173 -4.09909
-4606307924142263148 -4.77671
-4606673180828378824 -4.45229
4616107925222573544 3.96372
4616144665742741084 3.98004
-4606523373138062707 -4.58535
-4617941604563674706 -0.80549
-4609096486241417105 -3.14998
-4609905233054932264 -2.79083
4613427410846784402 2.77333
4608187847297107749 1.22325
-4606903837570934534 -4.24743
-4622789220704953519 -0.383648
-4617029423866961064 -0.906763
-4622510628842525852 -0.399113
4607247279426241686 1.0144
4614709247782403856 3.34258
4603857524084606924 0.630863
-4609509949803737008 -2.96637
4613984546457643587 3.02075
4610420725348517580 1.71905
-4606877862385044309 -4.2705
4616874103501210593 4.60795
-4625289840690064876 -0.247418
-4615511718242865068 -1.15052
-4614332949384097884 -1.41226
4616518584075701227 4.29218
4616361518995977142 4.15268
-4607289385989582996 -3.9525
4616175519673215132 3.99374
4615608157425165192 3.74178
-4609275295703166716 -3.07058
4616412595507487570 4.19804
4616494171069578277 4.2705
-4607083489534244569 -4.08787
4614381578045689299 3.19707
4616939646703655670 4.66616
4590980608967429876 0.0876547
-4606130911214927642 -4.93393
-4609196247750216675 -3.10568
-4611415749128782552 -2.12002
4608399902161768942 1.27034
-4610848127884115116 -2.3721
4612760892191857196 2.47734
-4606487244065725560 -4.61744
4612158446974832241 2.2098
-4613986141025792881 -1.48927
4615527940905884346 3.70616
-4611369980507154738 -2.14035
4602907360615739544 0.525373
4610541634985130904 1.7459
4616819797126179300 4.55971
4608244749232114459 1.23588
4608861491586811298 1.37283
-4619173535502282204 -0.668719
-4606174005159036243 -4.89565
4617249740379823838 4.94158
-4614579355678163228 -1.35755
4616457626651028072 4.23804
-4607200588037203744 -3.99193
-4610909546068722171 -2.34482
4613935132015194407 2.99881
-4611502507532417241 -2.0815
-4609146458371670384 -3.12779
4612335195442324030 2.28829
-4615341364758483604 -1.18835
-4606155897280054281 -4.91173
4611566401847828981 1.97344
4615920115069508223 3.88032
-4606208910996219578 -4.86465
4615849081679871899 3.84877
-4608937203541022246 -3.22072
4608923956130706000 1.3867
-4608298548917164426 -3.50434
4616457168795065282 4.23763
4610561342377666984 1.75027
4615483619684043446 3.68647
-4611162138604694025 -2.23265
4602235954726912750 0.475416
-4608454939533929658 -3.43489
4614554216464373997 3.27374
-4609975325954875131 -2.7597
-4607506255074261329 -3.85619
-4621208583631583808 -0.471391
4615275704754021514 3.59414
4601888087317503934 0.456106
-4622746306112398684 -0.386031
4615186906801642262 3.55471
4616279203062273953 4.07957
-4615608639156069522 -1.129
4616801868342825593 4.54379
-4608879673481243149 -3.24627
-4609183800160100530 -3.11121
-4610517965506041498 -2.51872
-4614419492883424604 -1.39305
4616367618724614870 4.1581
4608416144866070056 1.27394
-4614731491987700475 -1.32377
4607860319343126484 1.15052
4595409896433755682 0.173247
-4615255545956637536 -1.20741
4580927123212348045 0.0182836
4611386708377579378 1.93354
-4606279763806904275 -4.80172
4609411506806755641 1.49496
4608038826133786641 1.19016
4611368807589342830 1.92957
4596388865791803939 0.200419
4616051184677328082 3.93852
-4610388912256981094 -2.57603
4610544551533150232 1.74654
4612206740484433546 2.23125
-4623310368613594247 -0.354719
4613648163846577177 2.87137
-4608936218718762659 -3.22116
-4612849793794815956 -1.74159
-4613246340910645695 -1.65354
4608865976509039870 1.37382
-4609056152265921601 -3.1679
-4610436307081537779 -2.55498
-4606353542201345739 -4.73619
-4608071610239545860 -3.60512
-4617808762551560387 -0.820239
-4609735089554821381 -2.86639
-4615546380668772253 -1.14283
4613414784557985692 2.76773
-4607882048302470136 -3.6893
-4606225519668778969 -4.8499
-4608224879108261351 -3.53705
4612681840979774111 2.44223
4599154512626214540 0.304362
4597690693058669700 0.236552
-4610513969485107140 -2.52049
-4610012682388512090 -2.74311
4601162817148676458 0.415845
4616089355904671633 3.95547
4614901728461146147 3.42806
-4610254770070147495 -2.6356
-4617764809674428937 -0.825119
4612554252481205696 2.38557
-4625895025594911913 -0.230621
-4607115329634504367 -4.05959
-4623139725003696348 -0.364192
4616635105362794252 4.39567
4615723028118061223 3.79279
4608964331231864283 1.39566
-4610949838135109446 -2.32693
-4609790547129809495 -2.84176
-4611209710895312444 -2.21152
-4620568801862777105 -0.513813
-4622211296609522633 -0.41573
-4611835982152678688 -1.9667
4605940140224924700 0.862079
4615615506916419430 3.74504
4594497549771959392 0.147924
4616978045182407370 4.70026
4609577243206885284 1.53176
4609162354546858742 1.43963
4617125667347201025 4.83138
4613883133717444727 2.97572
-4615743113701351891 -1.09914
4594742701592289639 0.154728
-4612727497898498081 -1.76875
4608809901746177750 1.36137
4612570142561935918 2.39263
4615352200419299437 3.62811
4599721512191254101 0.335836
4605738385850244682 0.83968
-4607208309832178405 -3.9885
4616743256668713919 4.49173
-4612785984482487365 -1.75576
4605037706299845045 0.761889
-4606564446947204822 -4.54887
4613624957565801072 2.86106
4595528879692930145 0.176549
4616442872529629320 4.22494
-4618673029062064313 -0.724286
4613556434439823306 2.83063
-4608088013487487144 -3.59784
4611787806425517862 2.0452
-4610190387975632606 -2.66419
4606889208499738494 0.967447
-4606166282429150020 -4.90251
4614340660737608864 3.1789
-4624863164919001253 -0.268521
4597325867377230014 0.226426
4613708472400842614 2.89815
-4607817931712392886 -3.71778
-4608725009327531606 -3.31495
4613371528383217736 2.74852
4616458653638321398 4.23895
4603281544062035957 0.566916
-4611510903362067248 -2.07777
-4610535786738004799 -2.51081
-4609315498623908524 -3.05272
-4606432402038598992 -4.66615
-4607489326500035709 -3.86371
4612280777750141234 2.26413
4607878420463585762 1.15454
-4609724260124260894 -2.8712
4610672006323696383 1.77484
4616617231373614825 4.3798
4613648924404967239 2.87171
4612152111272427099 2.20699
4612271141601003792 2.25985
-4611988852602825661 -1.93276
4609213136811929716 1.45091
-4608431151936634892 -3.44545
-4607088814048839484 -4.08314
4613564214899192736 2.83409
4615245582154199539 3.58076
-4612738423703293990 -1.76632
-4615381320643208343 -1.17948
4615422352014974889 3.65927
-4608154221156127222 -3.56843
4615138055625128734 3.53301
-4615760331283378442 -1.09532
4616539467701887509 4.31073
4617086114592163400 4.79625
4603315979267872816 0.570739
4611862185074965826 2.07823
4616250628879694304 4.05419
-4607535147257346265 -3.84336
-4606078423295113946 -4.98054
-4608448765785366479 -3.43763
-4612068520919215236 -1.91507
-4606432927829727625 -4.66568
-4610964716077448968 -2.32032
-4606470902788318812 -4.63195
4609298541766555006 1.46987
-4626619727588212280 -0.210506
4611965022944209141 2.1239
4605999400873903484 0.868659
-4610965863741455356 -2.31981
-4619341036346900610 -0.650122
-4612350270254804834 -1.85251
4604736439562462245 0.728442
-4606979504293481166 -4.18022
-4623990833057027029 -0.316946
4610003095360656511 1.62632
4615367428478184440 3.63487
-4612959664726922078 -1.71719
4617136509908307137 4.84101
-4610502437366659974 -2.52562
-4609346532934861352 -3.03894
-4607838962260714569 -3.70844
-4607241832334520179 -3.97362
4605802073655408044 0.846751
-4606756018876240033 -4.37872
-4607004100808641700 -4.15838
-4608165279655689286 -3.56352
4613218427819475264 2.68053
4617176832184350691 4.87682
-4610727050715528272 -2.42587
4613219479401732530 2.68099
-4608214151442040932 -3.54182
4603940524049749302 0.640077
4613929540053217152 2.99632
-4617260310336612522 -0.881129
4607084566324417291 0.989136
-4620559780081110074 -0.514815
4615940515842599114 3.88938
-4612280615666472440 -1.86797
-4606476290516515032 -4.62717
-4608507718926785941 -3.41145
4612728414398344666 2.46292
-4613943842304923706 -1.49866
4612357066523146590 2.29801
4614531627977336370 3.2637
4614310274973239638 3.1654
-4615934305622786492 -1.05669
4611314773190008540 1.91757
-4608234455893126101 -3.5328
-4615303787831961184 -1.19669
4616609537511081688 4.37296
-4613529206812680565 -1.59073
4590132296748844725 0.075882
-4606527523722337018 -4.58166
4616456493402417835 4.23703
4604283675034024137 0.678175
-4607725035253969400 -3.75903
-4606836203274257718 -4.3075
-4613386979750916231 -1.62231
-4607490420910643854 -3.86322
-4612801306084758254 -1.75236
-4607357317844062009 -3.92233
-4610731196144731568 -2.42403
4615894030984701430 3.86873
4616251549872042172 4.05501
4610226205559760174 1.67586
-4629834240902590776 -0.123143
-4614204341152940944 -1.44082
4603437413060825283 0.584221
4613915066661212483 2.9899
-4615797913203059818 -1.08698
4612032309908183286 2.15378
4602170832819643128 0.471801
4612576320718685454 2.39537
-4620430005205675153 -0.529222
-4615083955547698885 -1.24551
4603397284483833038 0.579766
4614827501591195327 3.3951
-4606834570469495247 -4.30895
4611749014730275385 2.02798
-4609923744063601342 -2.78261
-4606149968624563472 -4.917
-4606570192746529250 -4.54377
4612303657783343023 2.27429
-4606599594848138145 -4.51765
4616948788644961771 4.67428
-4611621729053019828 -2.02855
-4608768429942275064 -3.29567
-4606490852568428994 -4.61423
4608669286952459344 1.33015
-4611285474655411639 -2.17788
-4614453126342532977 -1.38558
4612561594326032413 2.38883
4600501032217358620 0.379109
-4610564942712393342 -2.49786
4609266812288791752 1.46283
-4609600745938941436 -2.92605
4612496692337121592 2.36001
-4606102676645501565 -4.959
4613125336909892843 2.63919
4600317056246291022 0.368896
-4615897029769124825 -1.06497
-4627429094336883476 -0.188042
-4607024438075644988 -4.14032
-4607969184159673291 -3.65061
4616486571523430531 4.26375
-4622408017629272152 -0.404809
4611281467566257246 1.91017
4613212365926029460 2.67783
4598485988058467133 0.267251
-4615996574221752945 -1.04286
4617176175923440962 4.87624
4599639126071285155 0.331263
-4619741892329098981 -0.605618
4612067730918198018 2.16951
4605332551375188696 0.794623
-4616979086682469194 -0.912351
-4606236609062206332 -4.84005
4612766805491817322 2.47997
-4620282727198018637 -0.545574
4609304133185343421 1.47112
-4606418019144988920 -4.67892
4614050092449154440 3.04986
-4615644399032353171 -1.12106
4604310898864815377 0.681197
-4606699396657371301 -4.42901
-4606462691115354622 -4.63925
4613343708360890364 2.73616
4613739690643893566 2.91201
-4606487470262093844 -4.61724
4600775346425884091 0.394336
-4613036636737475247 -1.7001
-4618881023548359493 -0.701194
-4606310164091129046 -4.77472
-4617455980035253248 -0.859406
4603842657632800562 0.629212
4616718838110574263 4.47004
4615551901414811336 3.7168
-4610691559916193483 -2.44163
4612061763435151056 2.16686
-4616216964409951224 -0.996964
4609418543128751487 1.49652
4611825836570006051 2.06209
4616544626872933176 4.31531
-4607080962865238436 -4.09011
-4618446769474955682 -0.749406
4593812948151615317 0.128923
-4641532167862185131 -0.0214504
-4619716461940723832 -0.608442
-4610848070891070628 -2.37212
4616655727119729748 4.41399
-4607049181580839526 -4.11834
-4611528314173077841 -2.07003
4612773267987032950 2.48284
-4625045687567434387 -0.258389
4615271276595026772 3.59217
4614016266293804924 3.03484
4590672294313058714 0.083376
4608746630169909312 1.34732
4606874729466926632 0.96584
4601726752460115844 0.44715
-4608895247520081690 -3.23935
4616467432854833360 4.24675
4617008110919759097 4.72697
-4609359780694369155 -3.03306
-4613515973040285405 -1.59367
4600430041112884339 0.375168
-4608209178203490752 -3.54403
-4609754236491379461 -2.85788
4613745405157629974 2.91455
4615297565430688590 3.60385
4607750613310617191 1.12616
-4620063243223154327 -0.569941
4604344509760694992 0.684929
4601966596740502442 0.460464
4599453517525265754 0.32096
4617221544648399853 4.91653
-4606741487551056343 -4.39163
-4606415115137319652 -4.6815
-4619135704279814946 -0.672919
-4612664483543037468 -1.78274
4616992944753064088 4.7135
4596004658631132416 0.189755
4607759960963804729 1.12824
4612170878781134195 2.21532
4617216863713344433 4.91238
-4625005911687134617 -0.260597
4598520144859131381 0.269147
4579651481933659450 0.0147414
-4607420468539921570 -3.89428
-4607754319295573015 -3.74603
-4606597940670983992 -4.51912
-4611342339852050042 -2.15262
-4606641662551838076 -4.48029
-4606311912234729625 -4.77317
-4626830037103561650 -0.204669
-4615771033231696456 -1.09294
4603426547988720110 0.583015
4608228675731137136 1.23232
4607318355309958837 1.03018
-4614012370904573636 -1.48345
-4628985345574018188 -0.144847
-4609829041335148381 -2.82466
4613774843736458693 2.92762
-4606685975307245222 -4.44093
4613074956030037136 2.61681
-4612891058242349186 -1.73243
-4606613380599631612 -4.50541
4614402136124179194 3.2062
-4614239928775686538 -1.43292
-4627095023506184139 -0.197314
-4608178726452123351 -3.55755
-4613035150384780910 -1.70043
4617285628265869893 4.97345
4612928339950212388 2.5517
-4606657610664983740 -4.46612
4617208352623200862 4.90482
-4610132484191485350 -2.68991
4605237187345660318 0.784036
-4634354979057119608 -0.0614525
-4613473134619519500 -1.60318
4611728853837733181 2.01902
4600885280994652051 0.400439
4608196663419123041 1.22521
4612856383933438706 2.51975
4603654167929603975 0.608285
-4607271424604452924 -3.96047
-4608186249116158296 -3.55421
-4607655945404450092 -3.78971
4612255395486208165 2.25285
4612715059776878447 2.45699
-4624437583398623838 -0.292146
-4609720185946809149 -2.873
4616880171479416005 4.61333
-4610907946941667808 -2.34553
-4610936341553328967 -2.33292
4612247020276842217 2.24913
4606309183642359105 0.903051
-4612328597061855222 -1.85732
4602216235551357209 0.474321
4616697562636315242 4.45115
4613772038270557236 2.92638
4611225673569349998 1.89778
-4611167430966687961 -2.2303
4613755016090270096 2.91882
-4620409243274681006 -0.531527
-4612967696170873606 -1.71541
4613583442624644889 2.84263
4610603248122301980 1.75958
4616245504948024660 4.04964
-4611236021322730671 -2.19984
-4606253983975746732 -4.82462
4607577151616123242 1.08765
4614346771559834067 3.18161
4608901009306168717 1.3816
-4614506996698837458 -1.37362
-4615328913679423753 -1.19111
4612591562263278014 2.40214
4587825615695593468 0.0531852
4550967520407349569 0.000185277
-4623827443274471826 -0.326016
-4610625779590927677 -2.47084
4616965420857445237 4.68905
4610704195234759257 1.78199
-4609797843837732759 -2.83852
-4610250509954977294 -2.63749
4616673845115603864 4.43008
4616630552980690077 4.39163
4614493043571312154 3.24657
-4610766719263802362 -2.40825
-4630416550704719296 -0.115062
4613299890131915710 2.7167
-4606661257838554238 -4.46288
-4608987707609839401 -3.19829
-4606625539625899245 -4.49461
4614921736759407946 3.43695
4608313694959010081 1.25119
-4615158264658529332 -1.22901
4608527019026180704 1.29856
-4611820038724536772 -1.97024
-4611324872726981010 -2.16038
4616279390953383048 4.07973
-4612524384611582446 -1.81385
4615983081540783363 3.90828
4612317274754573233 2.28033
4616807478616534333 4.54877
-4610680928446627516 -2.44635
-4607426080150710532 -3.89179
4611550463141251601 1.9699
4613009733455251064 2.58785
4607585061469342023 1.0894
-4608675076484455805 -3.33713
-4606209635594463810 -4.86401
4605357956191904580 0.797444
4614896807107576164 3.42588
-4610061320018689752 -2.72151
4614255236708698523 3.14096
4613656218637202904 2.87494
-4608734147278488918 -3.31089
4609013220818096396 1.40652
-4606603348021877073 -4.51432
4609682169720787587 1.55506
-4617470538498987082 -0.857789
-4607190997923320526 -3.99619
4614698425475973928 3.33778
-4623010133266468170 -0.371385
4616664488264766826 4.42177
-4622638038715533280 -0.392041
4614794898676222592 3.38062
4604834410564154657 0.739319
4613079273890359452 2.61873
-4607721110745935072 -3.76077
-4628368831755580020 -0.161959
-4606984116776296753 -4.17613
-4606243975219956627 -4.83351
-4609743533101521832 -2.86264
-4606497456036817622 -4.60837
-4611013083878570144 -2.29884
-4612706455661170392 -1.77342
4612457357849984368 2.34254
-4606403287743508013 -4.69201
4616524009424947616 4.297
4616159058126486954 3.98643
-4606535025833986511 -4.575
4592837998247975990 0.113431
4612657204587240532 2.43129
-4610975576689138086 -2.3155
-4612917218384039577 -1.72662
4599530370055165921 0.325226
-4619383736129160932 -0.645382
4616933739937630536 4.66091
4605308198757040481 0.79192
-4607102099988255205 -4.07134
-4615388480603341028 -1.17789
4610680552209263560 1.77674
4616468224254859026 4.24745
4614910006659074378 3.43174
4608161947865168888 1.2175
-4615623962722176987 -1.1256
4610926470928668984 1.83135
-4609379738298487828 -3.02419
-4608335603807873369 -3.48788
4614053979226456237 3.05159
4610762145252633582 1.79486
-4610148042352496248 -2.683
4614386134658398866 3.19909
4615994238733579357 3.91323
-4610987159418160865 -2.31036
-4607091488339858945 -4.08076
-4609791815120589976 -2.8412
-4606114137705447056 -4.94882
-4607651338358745881 -3.79176
-4608251555258458280 -3.52521
4616210578297307390 4.01862
-4608565595029194214 -3.38575
4609746025872707726 1.56924
4609294146512268866 1.4689
-4618709527131982113 -0.720234
4617116941201283368 4.82363
-4609013383634475756 -3.18689
4615323567807358654 3.6154
4616756541782900440 4.50353
4613005671029480962 2.58604
4616780795415328418 4.52507
-4613238090331780810 -1.65537
-4619628324913366183 -0.618227
4615720142573589559 3.79151
-4608973400381390209 -3.20464
-4606752618122376186 -4.38174
-4610976472491103478 -2.3151
4615306268851465432 3.60771
-4610729179535269573 -2.42492
-4617793145454560302 -0.821973
4610237156413918374 1.67829
4616584751611042748 4.35095
4609326315534263423 1.47604
-4631240180088125068 -0.103631
4614575463243637926 3.28317
4616354784122895855 4.1467
4605350516761113498 0.796618
-4606575518253488392 -4.53904
4616391024329580568 4.17888
4611622392082150773 1.98587
-4609246796767910376 -3.08323
4614425308486990589 3.21649
4615246424076010334 3.58114
4614989442710004972 3.46702
-4624374908933134185 -0.295625
-4611415558929120886 -2.12011
4614635046410990720 3.30963
4609427457024758062 1.4985
-4608340466079211011 -3.48572
4613559851264764672 2.83215
-4617122134502571424 -0.89647
-4607313778208286860 -3.94166
-4607623244987080500 -3.80423
4614987866846057294 3.46632
4617125081314340801 4.83086
-4611623269160517489 -2.02787
4616263463068798720 4.06559
-4610638356418204088 -2.46526
-4608530877365160331 -3.40116
-4608667826960840084 -3.34035
4610306943665679108 1.69378
4614519088577860254 3.25814
-4607249051470898654 -3.97041
-4612536354843167241 -1.81119
-4612467358787736362 -1.82651
4616520378280670881 4.29377
-4610232476169042355 -2.6455
4616079555503585590 3.95112
4617017999035396929 4.73575
-4608426246116176562 -3.44763
4606785944749552397 0.955983
-4608694516126677304 -3.32849
4617033898224986166 4.74987
-4621703974778923802 -0.443892
-4606233858489715578 -4.84249
-4620452134259413157 -0.526766
4612625046251441815 2.41701
4614946968382451248 3.44815
-4607171971580529352 -4.00928
4615992136133145547 3.9123
4608530299573398758 1.29929
4590087699440829701 0.0752631
4617261078094118794 4.95165
4612758027779520612 2.47607
-4614210584983310477 -1.43943
4617092020052446131 4.80149
-4606582527546616460 -4.53281
-4610886949141365642 -2.35486
-4610234117811069421 -2.64477
-4609540137450422625 -2.95296
-4618763944667475818 -0.714192
4616223420357427024 4.03002
-4606421492085515879 -4.67584
4599011276820989775 0.296411
-4609969748638104690 -2.76218
-4613841737113858624 -1.52133
-4622659896634472392 -0.390827
-4622014261292353294 -0.426667
-4610444772616940328 -2.55122
-4619467434593368361 -0.636089
4607663020098856327 1.10671
4614806496520519452 3.38577
4607256407652029564 1.01643
4606061692349476862 0.875574
-4611597898648266061 -2.03913
4607880251615842504 1.15495
-4606470621223249590 -4.6322
-4606503351521228378 -4.60313
-4622892608511114012 -0.377909
-4607946971799569851 -3.66047
4616516331111195037 4.29018
-4607115279572340563 -4.05963
4608964965279484224 1.3958
4616483269849300367 4.26082
4614832791926677050 3.39745
4617245017708018187 4.93738
4616281150550956003 4.0813
4615842052011939344 3.84565
-4610788705845375088 -2.39849
-4608208140200954498 -3.54449
-4607082973802555425 -4.08832
4611093042126478863 1.86833
-4606624560501899512 -4.49548
-4607670717968154572 -3.78315
-4609847944787308734 -2.81627
-4611063074633933087 -2.27664
-4623873228828967144 -0.323474
4610667826276650452 1.77392
4612311347780878641 2.2777
4611925416695516674 2.10631
-4607535534070476291 -3.84319
-4613502792855558538 -1.5966
4602778554580277171 0.511073
4612033370912677747 2.15426
4616482342244672962 4.25999
4614957774999080439 3.45295
-4613164070636142922 -1.67181
4616875065963937240 4.6088
4615808683044012507 3.83083
4613783111070610119 2.9313
-4607145621912940373 -4.03268
4614253066554375652 3.14
4615857875217766557 3.85268
4612460940671346184 2.34413
4612631327551395397 2.4198
4612292006487175079 2.26911
4612362697375355629 2.30051
4609524681455173047 1.52009
4607784777256303884 1.13375
4617183822533767949 4.88303
4613840113934281756 2.95661
4611745550438986118 2.02644
4610651774858388681 1.77035
4614933439940556092 3.44214
4614442892199187470 3.2243
4616043465222243808 3.9351
-4607597853917220650 -3.81551
-4611505451083189499 -2.08019
4604732452013184614 0.727999
4614935825490146073 3.4432
-4606107312965950496 -4.95489
4611081751152539031 1.86583
-4609131570474350766 -3.1344
4603013878275998632 0.537199
-4616541522290920502 -0.960931
-4607507976262115701 -3.85542
-4616271933449253001 -0.990861
4612470263369184878 2.34827
-4606926124138990329 -4.22764
-4611368419476440780 -2.14104
4599049979777978405 0.298559
-4608805278295873370 -3.27931
-4607222825373547905 -3.98206
-4617722855481527750 -0.829776
4616241230412235338 4.04584
4614880776716990084 3.41876
-4608214473427672040 -3.54168
4608827740548210851 1.36533
-4637134236681997224 -0.0421675
4612976495061564716 2.57309
4608386473280120668 1.26735
-4611536118543202189 -2.06657
-4622828145282989054 -0.381488
-4611941343760842180 -1.94331
-4608070897826489751 -3.60544
-4611374815650388177 -2.1382
-4609458485659090322 -2.98922
-4610695375535757182 -2.43993
4605044309428740641 0.762622
4613306836378577499 2.71979
-4607232540379080664 -3.97774
4605279633124462101 0.788748
-4622577550626910136 -0.395399
-4611390734645478212 -2.13113
-4607959144285430194 -3.65506
4615344478603432899 3.62468
-4616164650971893484 -1.00554
4599707996817228929 0.335086
4607109869606603778 0.991945
-4625157776339576002 -0.252167
4614332009180920347 3.17506
-4607879333695348181 -3.69051
4609206963199163744 1.44954
4616385538200636715 4.17401
4601971356244689845 0.460728
4602808236048085074 0.514368
4613063574416682528 2.61176
4611235947693780536 1.90006
-4609206091021437352 -3.10131
-4610759579015157022 -2.41142
-4620622412010735141 -0.507861
4614268960667238420 3.14706
4602706032727866783 0.503021
4616292821710077411 4.09166
-4607683981104084934 -3.77726
4611139269001015156 1.8786
-4609372180358516071 -3.02755
-4612652162683056172 -1.78547
4616662130553604916 4.41968
4613298495431892257 2.71608
-4607129842538274209 -4.0467
-4606575470787140489 -4.53908
-4614045094020969195 -1.47618
4603029346664607708 0.538916
-4613085743996189222 -1.6892
-4628791316514594355 -0.150233
-4617834216213488154 -0.817413
4612330640459180987 2.28627
-4606286024178418594 -4.79616
-4606274403619426860 -4.80648
-4609553767782009122 -2.94691
4614748262529786906 3.35991
-4608272345936677214 -3.51598
4615026882387331728 3.48364
4612931060229479349 2.55291
4611351692711790880 1.92576
-4616342720774344610 -0.983002
4595784903312550433 0.183655
-4615490736027904247 -1.15518
4606251982264058165 0.896701
4613382176796097149 2.75325
4614653818495019203 3.31797
-4616754780068160714 -0.937254
-4612925656571973200 -1.72475
4612651183213593036 2.42862
4598472384604282298 0.266496
-4606251119678315481 -4.82716
4616619802709457143 4.38208
4614978228733083273 3.46204
4616835352727935084 4.57353
4611949822138779614 2.11715
4616635868433432702 4.39635
-4606116684159062108 -4.94656
-4606799568258076492 -4.34004
-4636618571637944334 -0.0457457
-4613240890637388281 -1.65475
4602512001958541762 0.49074
4616322309186347708 4.11785
-4606788926567158979 -4.34949
4604260424002844340 0.675593
4616518815301789254 4.29239
-4610975825908356453 -2.31539
-4616680429257140823 -0.945509
-4606952058314123101 -4.2046
-4607604047638419652 -3.81276
-4608592920613879579 -3.37361
4613267177189864968 2.70218
4595842377037379228 0.185251
4610745018362251508 1.79106
-4608456893770688454 -3.43402
-4607409714173880455 -3.89906
-4621833342889484750 -0.43671
4617163477056256419 4.86496
4594381278780016505 0.144697
4613531495835821599 2.81956
4612389858614078946 2.31257
-4606540859619457150 -4.56982
4613877940184481933 2.97341
4610396352235436582 1.71364
4615904152974472886 3.87323
4612960366938771112 2.56592
-4615513073707940740 -1.15022
4614587611129311362 3.28857
4613037940248924704 2.60037
-4620609895393852504 -0.509251
-4612865098495557156 -1.73819
-4607142576462030838 -4.03539
4617273297994097343 4.9625
-4610331898122141018 -2.60135
-4608524792250391599 -3.40387
4604093693107515367 0.657083
-4608781250024138538 -3.28998
-4618547312893645122 -0.738243
4616969400039525542 4.69259
-4610529571644414112 -2.51357
4601417982613496371 0.43001
-4607943441991349674 -3.66204
-4606290253493736950 -4.7924
-4606770618815575615 -4.36575
4614185584178216162 3.11003
-4608881605750191728 -3.24541
-4608795156807506999 -3.2838
-4610993157319782891 -2.30769
-4608620281150677636 -3.36146
4610974037682939602 1.84191
-4606654205649176685 -4.46915
4616036763567249302 3.93212
4612255952296553368 2.2531
4615030556485310614 3.48527
4604162697310778857 0.664744
4607836870800127545 1.14532
4607498507106238496 1.07019
4616747538077931260 4.49553
-4620268722452631993 -0.547128
-4614791464799032826 -1.31045
-4616237085210978630 -0.99473
4613252577339319868 2.69569
-4623128268816781517 -0.364828
-4616129986185204031 -1.01324
-4606184116807327853 -4.88667
4608138614227501576 1.21232
4616893140671839147 4.62485
-4608993688630823616 -3.19563
-4606611658215717196 -4.50694
4616568401355351225 4.33643
-4618637881359603834 -0.728188
4606318486586926700 0.904084
-4606837192395021302 -4.30662
-4620336729277616926 -0.539578
4609521337939833263 1.51934
4615704173970734079 3.78442
4608065234241182693 1.19602
4614425458783164362 3.21656
-4608298670633248440 -3.50428
4613522531287455657 2.81558
4590245457190784752 0.0774524
-4609451286934077121 -2.99242
4610635249967484956 1.76668
-4610221317085531358 -2.65046
-4606632800781068308 -4.48816
-4610448461036301912 -2.54959
4615009385491335864 3.47587
4609718120214570472 1.56304
-4609355258480137502 -3.03507
-4611568319174608885 -2.05227
-4606362284538469217 -4.72843
4606743016535492790 0.951217
-4606802327328338817 -4.33759
-4630619793918227185 -0.112241
4617224306100336325 4.91899
-4606908546631681356 -4.24325
-4607450529289337311 -3.88094
4616823307416162008 4.56283
-4610654986886215702 -2.45787
-4608518050712801078 -3.40686
4616005520786687078 3.91824
4610762572575115977 1.79495
4612762910065277837 2.47824
4616856864311758727 4.59263
-4607800230890771196 -3.72564
-4616338852475909326 -0.983432
4614829623882224604 3.39604
4612702481027549215 2.4514
-4610001924982702656 -2.74789
4617172268186362082 4.87277
4598823082779657404 0.285964
4612385374966254963 2.31058
-4609207544594774359 -3.10066
-4609595524452645238 -2.92837
4616911466949295752 4.64113
-4610317351148940348 -2.60781
-4620748346746754133 -0.49694
4614244040677900439 3.13599
4616046044261966318 3.93624
4609204566169486540 1.44901
-4607413699195240795 -3.89729
4616402218192846262 4.18883
-4610378198953927128 -2.58079
-4608862558843947801 -3.25387
-4617050470261772570 -0.904426
-4610238532442572848 -2.64281
-4610523857109785828 -2.5161
4596217081401773635 0.195651
-4609296868573315875 -3.061
4574765085598116362 0.0070387
4610649300821247406 1.7698
-4607043073751375916 -4.12376
-4609031102632031724 -3.17902
-4618594778238737608 -0.732974
-4606605798707121180 -4.51214
-4612029896223203374 -1.92364
4614533659670734627 3.26461
4615885426298942277 3.86491
-4606672098247796867 -4.45326
-4606659671398093082 -4.46429
4615641683959639512 3.75667
4605504556926644588 0.81372
4613548922754470499 2.8273
-4606816493348581375 -4.32501
4613636901390051469 2.86637
4612783577941035074 2.48741
-4611903067248877036 -1.95181
-4610308850013776871 -2.61159
4603961376191874721 0.642392
-4609441926442830259 -2.99658
4615780766104260874 3.81843
4610452543470521214 1.72611
-4607658084116495854 -3.78876
-4607760304400919474 -3.74337
4614958463595395084 3.45326
4598856589090793356 0.287824
-4614364902864582181 -1.40517
-4607133039423964895 -4.04386
-4606622241231794003 -4.49754
4602812559371633612 0.514848
4606679753838272707 0.944193
4612256347079935033 2.25328
4608858194075387923 1.3721
4613366278807790926 2.74619
-4608396794709734458 -3.46071
4610969798887931388 1.84097
-4607003997137917721 -4.15847
4617073348118860102 4.78491
4604704241542540358 0.724867
-4608013976963441141 -3.63071
-4606438880160939720 -4.66039
-4620702647350365648 -0.499477
4612055353900847374 2.16402
4614270888078825252 3.14791
4594807548144600926 0.156528
4587276074387020444 0.049372
4604068765795573980 0.654315
4614356055921075754 3.18573
4612629068439453967 2.4188
-4607893301932177186 -3.6843
-4606290870253327446 -4.79185
4608336329345504722 1.25622
4613989206673178527 3.02282
-4608084029625626059 -3.5996
4612798102089858507 2.49386
4609412000795222260 1.49507
4610196368301214452 1.66923
-4607424902078575021 -3.89232
4612659293451264243 2.43222
4612029880830364496 2.15271
4609900540827069116 1.60354
-4613466750437510350 -1.6046
-4620017411121553755 -0.57503
-4611673924476088887 -2.00537
-4607544002582971522 -3.83942
4606689487406239496 0.945274
4617109037490276857 4.81661
-4609396201850836339 -3.01688
4604923157509012601 0.749172
4603223426658431267 0.560464
-4613187586785260617 -1.66658
4607496718782332630 1.06979
-4606146562788750185 -4.92002
-4606637957324960257 -4.48358
-4618321526215097728 -0.763311
4597004837424211832 0.217515
4603100401447527590 0.546805
4617171421250500452 4.87202
-4613587610351452900 -1.57776
-4611651321312506632 -2.01541
-4607647865721151160 -3.7933
-4614439501369713310 -1.3886
4616439368522879063 4.22182
4616426657120567434 4.21053
-4648425188571197046 -0.00719635
4610491102419791507 1.73468
4604701724948642627 0.724588
-4608715946023256098 -3.31898
4613540086294211508 2.82337
-4612477735971803431 -1.8242
4615772450645667376 3.81474
-4620205963166115723 -0.554096
4609669353911313262 1.55221
-4612851094585845648 -1.7413
4612635253532307157 2.42155
4613248312544368888 2.6938
4616397892059340068 4.18498
4612265049811279885 2.25714
4616930378121005203 4.65793
-4636458569264565665 -0.0468559
-4611318058987058468 -2.16341
-4611732541845227572 -1.98967
-4607276815899937392 -3.95808
-4611455389556588210 -2.10242
-4613972781129127346 -1.49224
4598348555348543491 0.259622
4614154233219507176 3.09611
4616229677950321505 4.03558
4594594911775394167 0.150626
-4608392386962104989 -3.46267
-4609522398501122711 -2.96084
4608706159634650140 1.33834
4593842461857639048 0.129742
-4607812856845299850 -3.72003
4603290042585714621 0.567859
-4606215871428466856 -4.85847
4613928041060936337 2.99566
-4607883708308458384 -3.68856
-4608991893872219182 -3.19643
4605723411178507805 0.838018
-4620407182332652878 -0.531756
-4606774051335540688 -4.3627
-4606397564684993308 -4.69709
-4607271234822628826 -3.96056
-4615635709912067149 -1.12299
4613274587904769088 2.70547
4615546171169490434 3.71425
-4612050720725373564 -1.91902
-4642410272568020415 -0.0184038
4614818648699473913 3.39117
4613971902066032177 3.01514
4613485659837885693 2.7992
-4608129268188959061 -3.57951
4616232479906387375 4.03807
-4606862403768611391 -4.28423
-4632169174735773054 -0.0907391
-4619042009427809474 -0.683321
4615723245759205269 3.79289
-4616026719489263071 -1.03617
4616694378724481091 4.44832
-4606449695432029569 -4.65079
4607038312332222731 0.984001
4605431815417023881 0.805644
4601957607550165836 0.459965
4612237672634100618 2.24498
-4608066230935999636 -3.60751
4603422004757258712 0.58251
4598348693903481574 0.25963
-4610976563036504802 -2.31506
4612512632767278944 2.36709
-4607445058354012084 -3.88336
4611988196884357362 2.13419
4613904940430389696 2.9854
-4608084392716028072 -3.59944
4614286055509478909 3.15465
-4609167143942848692 -3.1186
4616287611233801172 4.08704
4611181113616013726 1.88789
-4635052448236121064 -0.0566128
-4616978825366853184 -0.91238
4599040702029016253 0.298044
-4611635378720039855 -2.02249
-4609222119249714012 -3.09419
4610332873662436183 1.69954
-4609512059831233618 -2.96543
-4610791131789412107 -2.39741
-4608596077157352922 -3.37221
4608678782478362748 1.33226
-4608115716891348849 -3.58553
4603333026957143581 0.572632
4605377061146232856 0.799565
-4608859312747437360 -3.25531
-4608478601247210650 -3.42438
-4608587985565683256 -3.3758
4612104103793534039 2.18567
4615742897683803988 3.80162
-4611680840293729674 -2.0023
-4611206757494019484 -2.21283
-4616912302408429052 -0.919766
4604152855857151597 0.663651
-4606251574202023654 -4.82676
4595576875023195876 0.177881
-4611273563359816032 -2.18317
4614252293836912317 3.13966
4609701959030379177 1.55945
-4607171688506021910 -4.00953
-4606101597961254945 -4.95996
4604169274324826358 0.665474
4613621148025774010 2.85937
-4638086107435173871 -0.0355626
4617016147205403462 4.73411
-4612480462967809322 -1.8236
4613764341493607052 2.92296
-4608666134958939946 -3.3411
4617154464294657919 4.85696
4617246321585822926 4.93854
-4618373907252061130 -0.757495
-4608316727034641831 -3.49627
4608487511418492474 1.28979
4603921672221420670 0.637984
4611815221479672810 2.05738
-4609678182720669170 -2.89166
4612504968508537612 2.36369
4615320446529376180 3.61401
-4614899565729410512 -1.28645
-4621924359695155612 -0.431658
4612664683555911640 2.43461
4610300095412373316 1.69226
4612443792930869387 2.33652
-4608384512228133928 -3.46616
-4610278423395339280 -2.6251
4612791146326946069 2.49078
4610302198054590887 1.69273
4595391900169634503 0.172747
4604024662371566212 0.649419
-4612907252707302896 -1.72883
4607831968186572562 1.14423
4604214266071507017 0.670469
4616004191854297074 3.91765
-4616393064811372617 -0.977413
-4606792738405292673 -4.34611
4615448207563523008 3.67075
4612091345165131108 2.18
4615194023296221770 3.55787
-4606449050332605917 -4.65136
4611811995052865957 2.05594
4615098387766286634 3.5154
-4621993042079923013 -0.427845
4615155345879554570 3.54069
-4627869188275294565 -0.175827
-4606314493154721196 -4.77087
4603733171194825952 0.617057
4611296578661960588 1.91353
4612978159810009378 2.57383
-4618441912447479537 -0.749945
-4606783924382911166 -4.35393
-4609797110052284965 -2.83884
-4608766914737896548 -3.29634
4612405110677732319 2.31934
4616728572414979768 4.47869
-4612670083088766610 -1.78149
4616949887959938389 4.67526
4611634006462369448 1.98845
4617194200422935916 4.89225
-4629411851936072077 -0.133009
-4610913330559386937 -2.34314
-4612507496974992704 -1.8176
-4607250440415209585 -3.96979
4614632134783008776 3.30834
-4609702288908664790 -2.88095
4585032890330173588 0.0338068
4616061816585623497 3.94324
-4606967127307468339 -4.19122
-4609958428655791592 -2.7672
4612857179224576739 2.5201
-4607494141472160476 -3.86157
4616493332777731366 4.26975
4607427794239801785 1.05448
4604404593173632014 0.691599
4613553732722990373 2.82943
-4607067177881521505 -4.10235
4606297358379519068 0.901739
-4613782337638347351 -1.53452
4613469859299746627 2.79218
-4613913285404731925 -1.50545
4613254494409426854 2.69654
4614881913068044276 3.41926
4603910290367809458 0.636721
4616618825497064292 4.38121
4604998996699239041 0.757591
4594010161467589308 0.134396
-4610827423040178912 -2.38129
4601811151972197498 0.451835
-4609753603665934415 -2.85816
-4610627545174023817 -2.47006
-4606436863107525308 -4.66219
-4626267055965996118 -0.220295
4604420454037070180 0.69336
-4607968371622289574 -3.65097
-4612168045858828858 -1.89297
4613472640123677418 2.79342
4608821062166768972 1.36385
-4609590188071463349 -2.93074
4615251099730643469 3.58321
4615238592744916812 3.57766
4616831804576645603 4.57038
4616980741524804563 4.70266
4613636979588352614 2.8664
4603974491444643274 0.643849
4601116001875274701 0.413246
4604613751003288368 0.714821
4609535576653366987 1.52251
-4607934458650739040 -3.66603
4616371235772096603 4.16131
-4619195126840851936 -0.666321
-4627341877429637753 -0.190463
4611131356076690240 1.87684
-4611172447848372283 -2.22807
-4606580339503622643 -4.53475
4608430100640893550 1.27704
4615087434739373068 3.51053
4603405290836638520 0.580655
4615912106376812359 3.87676
-4616105648859910867 -1.01864
4613270164080839130 2.7035
-4608140990893567646 -3.57431
-4618893404493383290 -0.699819
-4610565061451384673 -2.4978
4611911342108580275 2.10006
4603851788386505741 0.630226
4603491616872402160 0.590239
-4632400504990707174 -0.0875288
-4609463639904875638 -2.98693
4613128330005754912 2.64052
-4614003901378822296 -1.48533
-4606742995401493635 -4.39029
4612203660447019189 2.22988
-4612750310053986692 -1.76368
4614967175383369257 3.45713
-4611444435819350776 -2.10728
4615357754577422586 3.63058
-4617909407671914257 -0.809065
4616635737603266701 4.39623
4617254227537483403 4.94556
-4613357898548560764 -1.62877
-4615058765457709995 -1.2511
-4626064699236675805 -0.225911
-4606357201941381142 -4.73294
4609442510229066138 1.50184
4597106846951365359 0.220347
4609547318390476861 1.52511
4584680476095900198 0.0313614
-4606979744743333542 -4.18001
4601253182545576360 0.420861
4616175495846027729 3.99373
4615073858569981528 3.5045
4610909439221685252 1.82756
-4613095181651589242 -1.6871
-4607240259364097671 -3.97431
-4615949200633790732 -1.05338
4616018784841860094 3.92413
4609870784148498686 1.59694
4615829554908071207 3.8401
-4607133091449965275 -4.04381
-4618499424655148476 -0.74356
-4610275854153907778 -2.62624
-4608413959894929785 -3.45309
-4608320269680921332 -3.49469
4603499316114594005 0.591093
-4606082446710523959 -4.97697
-4619603662301525111 -0.620965
-4618357289559433203 -0.75934
-4617945801366007178 -0.805024
-4615263033167154704 -1.20574
-4618037995052976473 -0.794789
4612918247094165469 2.54722
4612866342277126042 2.52417
4616100247749719073 3.96031
4613476855968957127 2.79529
-4616594925943551660 -0.955002
-4617987872386292817 -0.800354
-4619246596991913684 -0.660607
4616254212735204103 4.05737
4559112206648734868 0.000647592
4617024209480544653 4.74127
4614095642614854947 3.07009
-4614046530003344520 -1.47586
4609829719719810008 1.58782
-4608087581997074991 -3.59803
-4621248731470888000 -0.469163
-4606679618373468578 -4.44658
-4606445062496064952 -4.6549
-4607512898012631371 -3.85324
4616611307350898068 4.37454
-4607818094084072420 -3.7177
4600593009046629296 0.384214
-4608910190154122921 -3.23272
-4611258677771048984 -2.18978
4611102953421655863 1.87053
4612450256888516508 2.33939
-4611267776184126276 -2.18574
-4607787154570018186 -3.73144
-4608531332348489831 -3.40096
4611642111153246922 1.99025
4586476731728778210 0.0438254
4605248221850899952 0.785261
-4621710276354445453 -0.443542
-4610755985789639724 -2.41302
-4625721419433078274 -0.235439
-4610269045793643942 -2.62926
4609943092653046053 1.61299
4616066262095323316 3.94522
4610295048206127388 1.69114
4604384353539599825 0.689352
-4616031337054028097 -1.03515
4609215328704252143 1.4514
