4768272876759338126 6.07916e+10
-4462623183765445336 -1.88738e+10
4766935717524806686 5.05898e+10
4767295038714745484 5.33312e+10
4769629325292648893 7.35614e+10
-4455983106490672078 -5.40476e+10
-4459851817263983396 -2.94457e+10
4766587432599468380 4.79326e+10
-4457862143325301961 -3.97117e+10
4756354067152615418 9.64443e+09
-4472610923063013225 -4.03915e+09
4761838183023621686 2.30292e+10
-4461236640040923348 -2.4163e+10
4747312547741695862 2.39474e+09
4770104596961974869 8.08135e+10
4769682584821410286 7.43741e+10
4762158641407566736 2.42517e+10
4765394458677760836 3.8831e+10
-4454672641478070726 -6.40456e+10
4760812178493768895 1.91153e+10
-4452898889229262181 -8.64371e+10
-4457044978103353852 -4.59461e+10
-4454570261926416181 -6.48267e+10
4767429407458281823 5.43564e+10
-4455025772649127150 -6.13515e+10
-4462930556626078931 -1.77012e+10
-4454395971537774931 -6.61565e+10
-4453982279481770488 -6.99059e+10
4770651452989531952 8.91578e+10
-4456468083358070786 -5.03475e+10
4747136966238809678 2.31102e+09
4768247686196052481 6.05994e+10
4761077835237735608 2.01287e+10
-4458289767005578774 -3.64492e+10
4762244861749622591 2.45806e+10
4751344954530055998 4.34012e+09
-4480775534889839977 -1.14672e+09
4770345208810882319 8.44849e+10
-4458207440576829782 -3.70773e+10
4766660700810628540 4.84916e+10
4751805496437307791 4.77933e+09
4766626881863091154 4.82336e+10
-4462897026179178446 -1.78291e+10
4769393718762369425 6.99663e+10
-4457991905187793628 -3.87217e+10
-4460659220964192790 -2.63657e+10
4767512505250761590 5.49904e+10
4769715744223618069 7.488e+10
-4453524912510339505 -7.68847e+10
4770070603202749537 8.02948e+10
4751665030536951840 4.64537e+09
-4453715813150547161 -7.39718e+10
-4455858087977410361 -5.50014e+10
4763447594760811390 2.91687e+10
4769378530988764670 6.97346e+10
-4460492198738906970 -2.70028e+10
-4453459517216629662 -7.78826e+10
-4452942484221187634 -8.57719e+10
-4468652157439228182 -7.5587e+09
-4453446921934986839 -7.80748e+10
-4456937074622337002 -4.67694e+10
4770320136212083400 8.41023e+10
4769518779142089678 7.18746e+10
4768524249411508682 6.27094e+10
-4457601942898303007 -4.16968e+10
4754244322168656492 7.10517e+09
-4461724883680949128 -2.23005e+10
4766400500383629584 4.65065e+10
4746988174732081126 2.24007e+09
4763658249568943424 2.99722e+10
4752716438588955184 5.64807e+09
-4453168011885571989 -8.23306e+10
-4466231678934689298 -1.11442e+10
4769865749181411162 7.71689e+10
4769853742058886888 7.69857e+10
4765480077859573071 3.94842e+10
-4458014827850964688 -3.85468e+10
4765891892826185815 4.26261e+10
4762358533770934556 2.50142e+10
-4460733720312092223 -2.60815e+10
4764601599642499884 3.35708e+10
-4455243487242683044 -5.96904e+10
-4466462806391963989 -1.07033e+10
4769207144968964181 6.79195e+10
4768015541793392617 5.88282e+10
-4459622949428422347 -3.03188e+10
-4456718968729818898 -4.84334e+10
4769415302222402569 7.02957e+10
-4460560931956954778 -2.67406e+10
4764545784503743351 3.33579e+10
4770154235568334885 8.15709e+10
4759602325784940698 1.584e+10
4763170136267377852 2.81102e+10
4768705927493144311 6.40955e+10
-4466411781906027530 -1.08006e+10
4769773636793825537 7.57634e+10
-4462813081775684475 -1.81494e+10
4767677455803484084 5.62489e+10
4764430949121691420 3.29199e+10
4769621416343976546 7.34407e+10
-4474519808103077501 -3.12892e+09
-4456411120924561895 -5.07821e+10
4770081439640494009 8.04601e+10
4769728647480317934 7.50769e+10
-4454814522745034668 -6.29632e+10
4769230261481963964 6.80958e+10
4762410146797734008 2.52111e+10
-4465699126675127719 -1.21599e+10
4761403720544326220 2.13719e+10
-4457939079478872027 -3.91247e+10
4767003710300423694 5.11086e+10
-4458557399287950798 -3.44073e+10
-4467111991177350581 -9.4651e+09
-4456651943970856310 -4.89448e+10
-4455748453099920692 -5.58378e+10
-4457826071660171882 -3.99869e+10
4756585838121953058 1.00865e+10
-4464251411566460724 -1.49212e+10
-4455328579562627472 -5.90412e+10
4769572602572836942 7.26959e+10
-4453916255782170702 -7.09133e+10
-4454308954167854674 -6.68203e+10
-4483259281646220512 -8.14145e+08
4766405805409820647 4.65469e+10
4770485470668832872 8.66251e+10
4769902861427360994 7.77352e+10
4764441559152259575 3.29603e+10
-4462098771366316860 -2.08742e+10
4766155082115856523 4.46341e+10
-4461418355566235452 -2.34698e+10
-4458245937388064474 -3.67835e+10
-4456796107862363397 -4.78449e+10
4759213358168773670 1.50981e+10
-4457080720126702940 -4.56735e+10
-4454925306280649714 -6.2118e+10
4765742321001092516 4.14849e+10
-4454294890451672618 -6.69276e+10
4767178636849820596 5.24432e+10
-4455199634742316065 -6.0025e+10
4766045007905046591 4.37943e+10
-4453580828326012932 -7.60315e+10
4770079702359703258 8.04336e+10
-4453323173752711823 -7.9963e+10
4750371523997593542 3.85338e+09
-4455483252147913276 -5.78612e+10
-4456978823438142272 -4.64509e+10
4767280001855626478 5.32165e+10
4765754170381358986 4.15753e+10
4763135452755930408 2.79779e+10
4770282320552913845 8.35253e+10
4762334152233195845 2.49212e+10
4766388463654096924 4.64146e+10
-4453802765100376679 -7.2645e+10
-4454515706893348744 -6.52429e+10
4749864356042076497 3.61154e+09
-4453624187498034776 -7.53699e+10
-4453526682337570862 -7.68577e+10
-4456149493798598437 -5.27781e+10
-4469348976296352203 -6.89416e+09
4767792469612889200 5.71263e+10
4758166849708547780 1.3102e+10
4766291166146250138 4.56723e+10
-4453316258899292919 -8.00685e+10
-4455052194229175245 -6.11499e+10
4770663972974809918 8.93489e+10
-4456141846901126500 -5.28365e+10
4769375287453467260 6.96851e+10
-4454294739869849890 -6.69288e+10
4770638271719260419 8.89567e+10
-4453341072288160789 -7.96899e+10
4768983802066207974 6.62155e+10
-4453555051774098578 -7.64249e+10
-4452756726376689271 -8.86063e+10
4769763088889438918 7.56025e+10
4760094391450341011 1.67785e+10
-4455580727734089754 -5.71175e+10
-4455176904674670556 -6.01984e+10
-4462497044036030282 -1.9355e+10
4769645478896057749 7.38079e+10
4767792888233846622 5.71295e+10
-4460970133162986562 -2.51797e+10
4756214943334841206 9.37907e+09
4758739425277213236 1.41941e+10
-4467691665033245612 -8.4747e+09
4764579397123862182 3.34861e+10
-4453874901771923034 -7.15443e+10
4752566825306415250 5.50539e+09
4766331288937956151 4.59784e+10
-4458483320164335454 -3.49725e+10
4770573033562470762 8.79612e+10
4758509051972448375 1.37547e+10
4769149491294429843 6.74796e+10
4766109136728842111 4.42835e+10
4761840010292484897 2.30362e+10
-4453122812923469165 -8.30203e+10
4766108986136112397 4.42824e+10
4768110109217672830 5.95497e+10
4769790111787881900 7.60148e+10
4769047780297273778 6.67036e+10
4768058556113844117 5.91564e+10
4770423195492441654 8.56749e+10
4766015491206487467 4.35691e+10
4769532343934643743 7.20816e+10
4770471933280076403 8.64186e+10
4763618739149860705 2.98215e+10
-4486373224346778366 -4.89903e+08
-4455196497751893008 -6.00489e+10
4768034531419904786 5.89731e+10
4769363495427576772 6.95052e+10
-4453609695240993242 -7.55911e+10
4762814251235529477 2.67526e+10
-4457165776442692796 -4.50245e+10
4761866701340482606 2.3138e+10
-4456722922664259358 -4.84032e+10
4765003841303897120 3.58508e+10
-4458991945756629241 -3.27258e+10
-4459549866963201714 -3.05975e+10
-4456776583128303427 -4.79938e+10
-4453576508843999766 -7.60974e+10
4762034992048021320 2.378e+10
-4456594553710895401 -4.93826e+10
4762881010071312291 2.70073e+10
4745796181108140323 1.90958e+09
4770329875058202135 8.42509e+10
-4457915249376436341 -3.93065e+10
4755433539877731655 8.2393e+09
4765440639710167114 3.91833e+10
-4454034649453267714 -6.91068e+10
-4471234578590071770 -5.09591e+09
4759967697798830562 1.65369e+10
4770011941619266371 7.93997e+10
-4467475882240936942 -8.77103e+09
-4459904675911997033 -2.92441e+10
4768448469180115414 6.21312e+10
-4465938962312149956 -1.17025e+10
-4452745833135371515 -8.87726e+10
-4460307161360697997 -2.77087e+10
4760414576778090462 1.75986e+10
4768110220523445751 5.95506e+10
-4456834290541548514 -4.75536e+10
4764021403385845328 3.13576e+10
-4474692056955152552 -3.04679e+09
-4474311878055903800 -3.22807e+09
-4458498791557701714 -3.48544e+10
4765272434829686423 3.79e+10
-4455631871422455637 -5.67273e+10
4761508013628181367 2.17697e+10
-4453186562086054529 -8.20476e+10
-4464015542450538618 -1.53711e+10
4764895250202973551 3.50223e+10
4763949286036021340 3.10825e+10
4762248978743475614 2.45963e+10
-4460408952011559074 -2.73204e+10
-4455680278384901617 -5.6358e+10
4760912285891585047 1.94972e+10
4761757935498766488 2.27231e+10
4765709080385480992 4.12313e+10
-4459531006868032927 -3.06695e+10
4765936492356802006 4.29664e+10
-4456092288575623085 -5.32146e+10
4769737853760216167 7.52174e+10
4764456152347985628 3.3016e+10
4762974618368130137 2.73644e+10
-4457381764482476820 -4.33767e+10
4752872814899695094 5.7972e+09
-4453734408096932044 -7.36881e+10
-4457457453586017784 -4.27992e+10
4769144107607069324 6.74385e+10
4764520254809600537 3.32605e+10
-4453805807210944896 -7.25986e+10
-4454011169230522048 -6.94651e+10
-4461087505487730312 -2.47319e+10
4758482762781373500 1.37046e+10
4760030614213178530 1.66569e+10
4763603573337468471 2.97637e+10
-4458119863373228730 -3.77454e+10
4766763983689614701 4.92796e+10
-4458110532677362665 -3.78166e+10
-4459590389659480403 -3.0443e+10
-4455800401374690972 -5.54415e+10
4770480921278501487 8.65557e+10
-4452749898293782516 -8.87105e+10
4767973147927639641 5.85048e+10
-4459676444040865921 -3.01147e+10
-4455764097794357598 -5.57185e+10
-4466124815838166487 -1.1348e+10
4770179633936935433 8.19584e+10
4769714618933706166 7.48629e+10
4766508775869153740 4.73325e+10
4764967663699230306 3.55748e+10
-4454193429900685866 -6.77017e+10
4764504367936488277 3.31999e+10
-4462128921280745923 -2.07592e+10
4766728996265961797 4.90127e+10
4769997105508643542 7.91733e+10
4769683496476224275 7.4388e+10
4768781835281716834 6.46746e+10
-4456123568060955317 -5.29759e+10
4767183004017168324 5.24765e+10
4755796153471710212 8.58512e+09
-4458319205304736060 -3.62246e+10
4769550685342729317 7.23614e+10
4769605851188721317 7.32032e+10
4769064354703036881 6.68301e+10
-4489027754623579854 -3.3168e+08
4758436763884695008 1.36169e+10
-4455168126930178308 -6.02654e+10
-4457771649245124331 -4.04021e+10
4768844182362400847 6.51503e+10
-4479887976875861676 -1.35833e+09
-4469769023101995122 -6.49357e+09
4768477928377054272 6.2356e+10
-4484058766723262653 -7.18839e+08
-4458173161681772153 -3.73388e+10
-4455581874799795448 -5.71087e+10
4764429071266235868 3.29127e+10
4765634618579420893 4.06632e+10
-4454613046131316764 -6.45003e+10
4760631353916361435 1.84256e+10
-4479905138011928407 -1.35424e+09
4768224764121858563 6.04245e+10
4765557364029170461 4.00738e+10
-4455530023586276831 -5.75043e+10
-4456554949164539742 -4.96848e+10
-4490254557669192815 -2.63496e+08
-4454196138061214365 -6.76811e+10
-4454593845574638744 -6.46468e+10
-4461033244616024531 -2.49389e+10
-4459363889730171317 -3.1307e+10
4769866454639690405 7.71797e+10
4769592285970794872 7.29962e+10
4761520785073978166 2.18185e+10
4768194178037134631 6.01911e+10
4767756172391327564 5.68494e+10
-4484204209698611206 -7.01501e+08
-4459840056088497486 -2.94906e+10
-4462620571346423421 -1.88837e+10
4763241674609042966 2.83831e+10
4760901839313080882 1.94574e+10
-4457420192427013791 -4.30835e+10
-4454898140626145106 -6.23252e+10
-4453557583884996432 -7.63862e+10
-4453971030558247160 -7.00775e+10
4762697156929810888 2.6306e+10
-4461181073450520896 -2.4375e+10
-4458107958738180718 -3.78362e+10
-4459672075488331210 -3.01314e+10
-4453775455582751559 -7.30618e+10
-4465265743769120229 -1.29865e+10
4769896896403200492 7.76442e+10
4759127331512941782 1.4934e+10
-4457573732136580238 -4.19121e+10
4763237714828459021 2.8368e+10
4766436315167469724 4.67797e+10
-4476369707125962543 -2.24682e+09
-4455039662878819827 -6.12455e+10
4769276507519995583 6.84486e+10
4761688015993498098 2.24564e+10
4748929196459173429 3.16562e+09
-4456224176776482475 -5.22084e+10
4756690476804506965 1.02861e+10
-4465160028829001520 -1.31882e+10
4768032826483775438 5.89601e+10
-4462623439076129562 -1.88728e+10
-4457078711671019564 -4.56888e+10
-4459420406667913917 -3.10914e+10
4765677008387775779 4.09867e+10
4762296479422797281 2.47775e+10
4770486559376720044 8.66417e+10
-4459993297622932121 -2.8906e+10
4769464347347035787 7.1044e+10
-4454543162837235644 -6.50335e+10
-4463716126889237966 -1.59422e+10
-4452771329639561664 -8.83835e+10
4766939998472444966 5.06225e+10
4766731636934072576 4.90328e+10
-4458234640839194995 -3.68697e+10
-4454050896038716173 -6.88589e+10
4768866570921466643 6.53211e+10
4765481329708675184 3.94937e+10
-4453283744170741890 -8.05647e+10
-4467306073673860466 -9.09492e+09
4770505560766414583 8.69317e+10
4765174571467503608 3.71534e+10
-4456295365658376457 -5.16652e+10
-4471686268476269465 -4.66515e+09
4768858288637634930 6.52579e+10
-4453807906745399149 -7.25666e+10
-4453873955885539391 -7.15588e+10
-4462085073917568462 -2.09265e+10
-4458424013089171723 -3.54249e+10
4763161510653500081 2.80773e+10
4767544612641630267 5.52353e+10
-4454440748415952875 -6.58148e+10
-4453311216807767984 -8.01455e+10
-4453333632317991536 -7.98034e+10
-4468654756617171384 -7.55622e+09
4766883464825202694 5.01912e+10
4764799054338545320 3.43241e+10
-4466692882328713857 -1.02645e+10
-4454145838028069990 -6.80648e+10
4759695695196992400 1.60181e+10
4758664927739873158 1.4052e+10
4752396539711481395 5.34299e+09
4760202423601049505 1.69846e+10
-4461102305436247301 -2.46755e+10
-4458483093059112154 -3.49742e+10
4769360855413885040 6.94649e+10
-4472306468300538424 -4.18432e+09
-4455333572823584512 -5.90031e+10
4760941482252020632 1.96086e+10
4751618516176203943 4.60101e+09
4761372282602328723 2.1252e+10
4760307532232979864 1.71903e+10
-4456828774650633502 -4.75956e+10
4768029764129844697 5.89368e+10
-4453528834945409832 -7.68249e+10
-4453865501800347345 -7.16878e+10
4769770802919398097 7.57202e+10
-4455329573025275836 -5.90336e+10
-4474236000523305206 -3.26425e+09
-4456637522385618367 -4.90548e+10
4767958585522329753 5.83937e+10
-4458167900425308356 -3.73789e+10
-4460881019110788401 -2.55196e+10
4769165041959756672 6.75982e+10
-4460274744669573711 -2.78324e+10
4767680776402077781 5.62742e+10
4763256425497945392 2.84394e+10
-4453133429121936839 -8.28583e+10
-4457386529056697864 -4.33403e+10
4766822307958253548 4.97246e+10
4761702012795332590 2.25098e+10
4768177219694623598 6.00617e+10
-4458583897069795212 -3.42824e+10
-4456532553025119984 -4.98556e+10
-4455994096804148484 -5.39637e+10
4761068567922354251 2.00934e+10
-4453993099395434021 -6.97408e+10
4763980613599339560 3.1202e+10
4766916113955065516 5.04403e+10
4765445165617761694 3.92178e+10
-4456048712861792061 -5.3547e+10
-4462941952046759438 -1.76578e+10
-4458935305002802933 -3.29419e+10
-4465891674297204616 -1.17927e+10
-4456766464555532634 -4.8071e+10
-4462218690428224166 -2.04168e+10
4752948707265792082 5.86958e+09
-4454979973851979278 -6.17009e+10
4756487836295606870 9.89958e+09
-4452878731437483541 -8.67447e+10
-4461959469961027240 -2.14056e+10
-4462050933813883730 -2.10567e+10
-4458509386122166389 -3.47736e+10
4765865505330463089 4.24248e+10
-4457456233258099770 -4.28085e+10
4762812001648241221 2.67441e+10
4756199144655602529 9.34894e+09
4769722354286819296 7.49809e+10
4764513763801584444 3.32358e+10
4767560773923555942 5.53586e+10
4764938919989542591 3.53555e+10
-4458761623889201486 -3.36045e+10
4762635399186199708 2.60704e+10
-4452778312192630986 -8.8277e+10
4752970040017888306 5.88992e+09
4768360053567552217 6.14567e+10
4761349862336660098 2.11664e+10
4762485657921108140 2.54992e+10
4749229062958825446 3.30861e+09
-4462919531781090810 -1.77433e+10
-4461113430690931210 -2.4633e+10
4765431239242323650 3.91116e+10
4767376002719387380 5.39489e+10
4764130851524859916 3.17751e+10
-4454936689889066420 -6.20311e+10
-4453093203793673136 -8.34721e+10
-4453452364858178101 -7.79917e+10
4764501369868321930 3.31885e+10
-4455750404261216498 -5.5823e+10
4761373826311418843 2.12579e+10
4764996373520918367 3.57938e+10
4757652720304975666 1.21214e+10
-4452721169401232725 -8.91489e+10
-4452774849977755508 -8.83298e+10
-4458505423265812921 -3.48038e+10
-4457482594882456170 -4.26074e+10
4763079447224859117 2.77643e+10
4768679668132670998 6.38951e+10
-4455599206913745211 -5.69765e+10
-4460139058318728016 -2.835e+10
4763640296062294507 2.99038e+10
4769182181194599296 6.7729e+10
4762982798039055276 2.73956e+10
-4458821542540778667 -3.33759e+10
4769317416893553742 6.8802e+10
-4455718745561860460 -5.60645e+10
-4455036549229342782 -6.12692e+10
4738471378700221163 6.18478e+08
4768009831692718407 5.87847e+10
4764029745483577945 3.13894e+10
4769541756209297516 7.22252e+10
-4455832271429585245 -5.51984e+10
-4462629665502524923 -1.8849e+10
4765131418595632862 3.68241e+10
4768945954362319081 6.59267e+10
4755675301382753539 8.46986e+09
4765901849004870080 4.2702e+10
4769873356148414242 7.7285e+10
-4456816189147101942 -4.76917e+10
4769804156471376670 7.62291e+10
4756117309510139148 9.19285e+09
4769884311172343533 7.74522e+10
-4481704492979865216 -9.99491e+08
4756222756007564750 9.39398e+09
4769951172566498007 7.84724e+10
4767323278445418072 5.35467e+10
4767662742587304802 5.61366e+10
4760151082681689815 1.68867e+10
4763165305106018767 2.80918e+10
4770609004594311878 8.85101e+10
4769912789733247346 7.78867e+10
-4459351448460597728 -3.13545e+10
4769072093840873500 6.68891e+10
4759650721644076839 1.59323e+10
4762255106832502165 2.46197e+10
4766378831096538417 4.63411e+10
4766755884686744100 4.92178e+10
4767212359815897744 5.27005e+10
-4457511035825171760 -4.23904e+10
4760690844686951673 1.86525e+10
-4471062334798837357 -5.26018e+09
-4455266451701417242 -5.95152e+10
4767225950954271947 5.28041e+10
4768856046881561274 6.52408e+10
4769041924588361597 6.66589e+10
4763503222561208715 2.93809e+10
-4463874899944295853 -1.56394e+10
4761046959114490014 2.0011e+10
4760340454070166582 1.73159e+10
4762621928362767311 2.6019e+10
4754018748896718052 6.89005e+09
-4454830495139809391 -6.28413e+10
4758701153847898348 1.41211e+10
-4453094032320907672 -8.34595e+10
4765010642844658024 3.59027e+10
4749092572959575968 3.24353e+09
4768095365909124366 5.94373e+10
4747930218105312328 2.68927e+09
-4454027240726154466 -6.92198e+10
-4477947598573576437 -1.82095e+09
4745543633642896496 1.84937e+09
-4453275982188227037 -8.06831e+10
4767667724254137724 5.61746e+10
-4462167637322361381 -2.06115e+10
4762249738284035605 2.45992e+10
-4467606695700454095 -8.55573e+09
-4454728374149120341 -6.36204e+10
-4463930667659485437 -1.5533e+10
-4457142082655744612 -4.52053e+10
-4463339364188298700 -1.66608e+10
-4452912427845054364 -8.62305e+10
4765401481226740920 3.88845e+10
4758204565056184399 1.3174e+10
4767634829466271622 5.59236e+10
4759044130158647814 1.47753e+10
-4467084721928310826 -9.51711e+09
-4472597570645800406 -4.04551e+09
4770607422421742266 8.8486e+10
-4453395713230088630 -7.88562e+10
-4453577673649915129 -7.60797e+10
4762395424986851242 2.51549e+10
4760358290501247980 1.73839e+10
-4456569865261530600 -4.9571e+10
-4456503941682591522 -5.00739e+10
4761902465428660565 2.32745e+10
4769768283896881183 7.56817e+10
4765877937438170018 4.25196e+10
-4469617263324980818 -6.6383e+09
-4466318267605598808 -1.0979e+10
4768516441712369900 6.26498e+10
4770109662405352800 8.08908e+10
4770065728369826047 8.02204e+10
4769482217148035094 7.13167e+10
4766558952522493777 4.77154e+10
-4459774357716966472 -2.97412e+10
4753678836401435184 6.56588e+09
-4456488675362340644 -5.01904e+10
-4472668703378540146 -4.0116e+09
4770076379803305914 8.03829e+10
-4470238682288154744 -6.04567e+09
4769306516832492386 6.86776e+10
4770280819059305752 8.35024e+10
-4455660202379143385 -5.65111e+10
-4468715351370880058 -7.49843e+09
4766868371042533576 5.0076e+10
4766545693632669768 4.76142e+10
4769548917369685260 7.23345e+10
-4457389256947960632 -4.33195e+10
4766432441933804751 4.67502e+10
4770236642016172857 8.28283e+10
-4459693623042572637 -3.00492e+10
-4462997750388760426 -1.74449e+10
4756992524831866342 1.08622e+10
4756398870512950801 9.72989e+09
4761524118488278202 2.18312e+10
-4455830304649488181 -5.52134e+10
-4472822223804558665 -3.93839e+09
-4461017434898917923 -2.49992e+10
4763009732814520075 2.74983e+10
4769686421549399417 7.44326e+10
-4456290883553230096 -5.16994e+10
4760792189351232175 1.90391e+10
4768864197910746114 6.5303e+10
-4453993626388185638 -6.97327e+10
-4461647535952333381 -2.25956e+10
-4456017101160630585 -5.37882e+10
4762664965009815297 2.61832e+10
4759981936692084528 1.6564e+10
4764071901675240011 3.15502e+10
4760314291138339852 1.72161e+10
-4453397320603245046 -7.88316e+10
4757000699921858148 1.08778e+10
4757257942451113255 1.13684e+10
-4457038866407524426 -4.59928e+10
-4452929457830090572 -8.59707e+10
-4460255557910230601 -2.79055e+10
-4452814250176310228 -8.77286e+10
4769770386610721307 7.57138e+10
4760552556540486597 1.8125e+10
4766644965119223138 4.83716e+10
4769342980355719389 6.91921e+10
4769882583953245632 7.74258e+10
-4455409564705004585 -5.84234e+10
-4467200804611252492 -9.2957e+09
-4476479825608221012 -2.19431e+09
4767219881130354548 5.27578e+10
4762313111701018111 2.48409e+10
4770262135482767928 8.32173e+10
-4454994322971214742 -6.15914e+10
-4458216161463213824 -3.70107e+10
4769257012136629876 6.82999e+10
-4461294890556535593 -2.39408e+10
4769486259347244526 7.13784e+10
4766105118890381703 4.42529e+10
-4472044475212385080 -4.32353e+09
-4457750005676701713 -4.05672e+10
4770039139863839523 7.98147e+10
-4454221130651831290 -6.74904e+10
4768869948552680291 6.53469e+10
4761572268067712970 2.20149e+10
4765426533391305095 3.90757e+10
4769780308983208299 7.58652e+10
-4455667249741512336 -5.64574e+10
-4457967756852282338 -3.89059e+10
-4455271387842498457 -5.94776e+10
-4456110188223584430 -5.3078e+10
4761709556349130007 2.25386e+10
-4455483911017009861 -5.78561e+10
-4454322864913584477 -6.67142e+10
-4456685795650253032 -4.86865e+10
4770042467906449879 7.98655e+10
-4452870380276047124 -8.68721e+10
-4455122867014394744 -6.06107e+10
-4454166403986461776 -6.79079e+10
-4469429045950110413 -6.8178e+09
4762759823661478435 2.6545e+10
4769671172396741540 7.41999e+10
-4453889153404534454 -7.13269e+10
4761152172507851052 2.04123e+10
-4453534301345884409 -7.67415e+10
-4462593351091556321 -1.89876e+10
-4484738683332494977 -6.37787e+08
-4466133052443548719 -1.13323e+10
-4458222913257220167 -3.69592e+10
-4457072662439488180 -4.57349e+10
4769638028929637552 7.36942e+10
4757496576880160634 1.18236e+10
-4455822845624817675 -5.52703e+10
-4453114561719088694 -8.31462e+10
-4465688829609561838 -1.21796e+10
4767657236828978037 5.60946e+10
4766239679662280417 4.52795e+10
-4460843073014995780 -2.56644e+10
4770640273129032057 8.89872e+10
-4453125688413494507 -8.29764e+10
4751115423069801504 4.2081e+09
-4456062637939298994 -5.34408e+10
4763380355668703905 2.89122e+10
4764984334915384437 3.5702e+10
-4459495483191598892 -3.0805e+10
4769368118020132063 6.95757e+10
4762673942613884520 2.62174e+10
-4460145049961383257 -2.83271e+10
-4453295518990864932 -8.0385e+10
4766551632463707913 4.76595e+10
4767409577993992588 5.42051e+10
4764959175513352416 3.551e+10
4764323355671698118 3.25094e+10
4769541956505153855 7.22283e+10
-4458807965068855566 -3.34277e+10
4766218506239408193 4.5118e+10
-4458334307573038823 -3.61093e+10
4767551062486688294 5.52845e+10
-4455784301422736991 -5.55643e+10
4759833784465509078 1.62815e+10
-4453333832619301366 -7.98004e+10
-4453896147104541545 -7.12202e+10
-4455039732596262308 -6.1245e+10
-4457074533685311356 -4.57207e+10
-4454545409010637868 -6.50163e+10
4759647154056827805 1.59255e+10
-4453387855418811318 -7.89761e+10
4769370574174792521 6.96132e+10
4770025802334660027 7.96112e+10
-4453364080276668601 -7.93388e+10
4769788273999232504 7.59868e+10
-4470778602346371672 -5.53076e+09
-4457374821314527146 -4.34296e+10
4759449711031255364 1.55489e+10
-4455310546075064017 -5.91788e+10
4759222415022989495 1.51154e+10
-4472220277821805091 -4.22542e+09
4767695774563217138 5.63886e+10
4769798204186573616 7.61383e+10
4751763817971550078 4.73958e+09
4759003645833139254 1.46981e+10
4765677889824790271 4.09934e+10
-4456631541420900577 -4.91004e+10
-4457543530032232171 -4.21425e+10
4762059006827512087 2.38716e+10
4753947311815493486 6.82192e+09
-4452902988292033311 -8.63746e+10
4769862036771227005 7.71123e+10
-4460429099152667723 -2.72435e+10
-4456174300828694566 -5.25889e+10
4750770749981346787 4.04374e+09
-4462932475273655084 -1.76939e+10
-4458550617870575590 -3.4459e+10
4764228823095232164 3.21488e+10
4762600027400426497 2.59354e+10
-4466765831772356192 -1.01253e+10
-4457657140789014345 -4.12757e+10
4765063950238719219 3.63094e+10
-4459742634862729852 -2.98622e+10
-4456380648915984851 -5.10146e+10
4766376133613947370 4.63206e+10
-4457401584435875904 -4.32255e+10
4764400756124675092 3.28047e+10
-4452897447620450386 -8.64591e+10
4768388470907554174 6.16735e+10
4768559181307705443 6.29759e+10
4760521446702385327 1.80063e+10
-4459207920926172006 -3.1902e+10
4763669323669871822 3.00145e+10
4751821462691450448 4.79456e+09
4768455862784695183 6.21876e+10
-4457216514031319022 -4.46374e+10
-4457357461322325977 -4.35621e+10
-4453565672259011009 -7.62628e+10
4747680289712350713 2.5701e+09
4769373613651324074 6.96595e+10
4761020267346631354 1.99091e+10
4752608943541772594 5.54556e+09
4767831198917397343 5.74218e+10
4770183380676852101 8.20156e+10
4765850028287279058 4.23067e+10
-4460261088689178931 -2.78845e+10
-4461009804918178353 -2.50283e+10
-4453222293235140452 -8.15023e+10
-4452987457316009854 -8.50857e+10
-4452767437449558294 -8.84429e+10
-4476304985082207839 -2.27768e+09
-4458216078242925005 -3.70114e+10
4765182847959726756 3.72165e+10
4767803453142221483 5.72101e+10
4743340431576699309 1.32409e+09
-4470482703894797558 -5.81296e+09
-4453624488950715314 -7.53653e+10
-4455829271245463977 -5.52212e+10
-4474953666815360135 -2.92204e+09
4769766738508115509 7.56582e+10
-4453216196432797839 -8.15954e+10
-4453696549813268558 -7.42658e+10
-4457091156485362988 -4.55938e+10
4765255280412321908 3.77691e+10
4761012315260836820 1.98788e+10
-4453795479791242216 -7.27562e+10
4770213927060153844 8.24817e+10
4768911876133955251 6.56667e+10
-4455246295463883840 -5.9669e+10
-4472071031275547348 -4.29821e+09
4766331006894253850 4.59763e+10
4766804686307503394 4.95902e+10
-4452789734706260041 -8.81027e+10
4758662840972043819 1.40481e+10
4765843351118858046 4.22557e+10
4766013520521690088 4.3554e+10
4769757267112154326 7.55136e+10
-4453837004719384501 -7.21226e+10
4767042129824768928 5.14017e+10
4770036735839109654 7.9778e+10
-4453896453579888270 -7.12155e+10
-4457794729132471447 -4.0226e+10
-4456961453389701747 -4.65834e+10
4767559777941394243 5.5351e+10
-4453821061299013086 -7.23659e+10
4766083864548594311 4.40907e+10
-4457849001794627062 -3.98119e+10
-4455415091851927205 -5.83812e+10
4769934597735362524 7.82195e+10
4766414864576317102 4.6616e+10
-4453840251897614607 -7.2073e+10
4770442805579105838 8.59741e+10
4768391987024745166 6.17003e+10
-4460147735108175270 -2.83169e+10
4764812795028184031 3.43932e+10
-4468429631578652236 -7.77092e+09
-4465928169153318459 -1.17231e+10
4763016699454299572 2.75249e+10
-4459325300798548764 -3.14542e+10
4760508775600842413 1.7958e+10
-4454400317381968711 -6.61233e+10
-4453659706577175004 -7.48279e+10
-4461855589750148886 -2.18019e+10
-4454563809616379742 -6.4876e+10
4763290695525624932 2.85701e+10
-4454048450927377134 -6.88962e+10
4769221384440288310 6.80281e+10
4759022335648471998 1.47338e+10
-4456294902656900658 -5.16688e+10
4763686440458141135 3.00798e+10
4752206465967914162 5.16172e+09
-4458780034180345257 -3.35342e+10
4769999105958600577 7.92038e+10
4766586871151553936 4.79284e+10
-4454215519433875091 -6.75332e+10
-4453156118986438889 -8.25121e+10
4747887822221767309 2.66906e+09
-4462853519942836251 -1.79951e+10
-4456311352646695931 -5.15433e+10
-4467705528333594508 -8.46148e+09
-4455107348939136461 -6.07291e+10
-4458588127430841151 -3.42663e+10
-4465868237806011767 -1.18374e+10
-4452771638138153941 -8.83788e+10
4762817978391956157 2.67669e+10
-4454312386563035576 -6.67942e+10
-4469448024451498785 -6.7997e+09
-4453693898952581121 -7.43062e+10
4766868993460489240 5.00808e+10
4767002075725248888 5.10961e+10
4764452417054948795 3.30017e+10
4769612685265015846 7.33075e+10
4768905511712396832 6.56182e+10
-4453441981071181501 -7.81502e+10
-4453260557536741213 -8.09185e+10
4751867327781247795 4.8383e+09
-4455504855349587675 -5.76963e+10
4769819263860508475 7.64596e+10
-4453990662213472435 -6.9778e+10
-4462323993498808614 -2.00151e+10
4760307302815475934 1.71894e+10
4762285015680768258 2.47338e+10
4764997274645039190 3.58007e+10
4754179315583500132 7.04318e+09
-4463325168312190092 -1.66879e+10
4767856848370225774 5.76175e+10
4758575304222446858 1.38811e+10
4769745309763652073 7.53312e+10
-4456549332733045135 -4.97276e+10
4767079637416172076 5.16879e+10
-4461677751003271594 -2.24803e+10
-4462037840852009108 -2.11067e+10
-4453849728496207214 -7.19284e+10
4767518003439641378 5.50323e+10
-4462292439048406774 -2.01355e+10
4766096671889275842 4.41884e+10
4769893224839671856 7.75882e+10
4768485644850177892 6.24148e+10
4768068492616329033 5.92322e+10
4765327346597483402 3.83189e+10
4762134853100694188 2.41609e+10
4748338515384128386 2.88396e+09
4761640835412346315 2.22764e+10
4735978822067373361 4.29107e+08
4758681573673638114 1.40838e+10
4763851111224907037 3.07079e+10
-4453053193043961472 -8.40826e+10
4766299707481861632 4.57375e+10
4760471973582241842 1.78176e+10
-4454611701867338221 -6.45106e+10
-4454727428622667175 -6.36276e+10
-4455944377404303615 -5.43431e+10
4766802466888933213 4.95732e+10
4768368757559017858 6.15231e+10
4765816401368104050 4.20501e+10
-4455666291039422354 -5.64647e+10
4763610623786513926 2.97906e+10
-4458810299447038351 -3.34188e+10
-4453944422752352239 -7.04835e+10
4769357453596434112 6.9413e+10
-4453905271500256514 -7.10809e+10
-4473502887673086849 -3.61383e+09
-4457687546624918748 -4.10437e+10
-4456033991356304848 -5.36594e+10
-4458095471659273836 -3.79315e+10
4763186017032579004 2.81708e+10
4770043361461123725 7.98791e+10
-4456553824796267996 -4.96933e+10
4742969494994024297 1.23565e+09
4766827119007133916 4.97613e+10
4769918615540662569 7.79756e+10
-4454684727965264932 -6.39534e+10
-4458256265309488424 -3.67048e+10
4757013402849980714 1.0902e+10
4762571258724652136 2.58257e+10
4769051117441762381 6.67291e+10
-4456809847052140014 -4.774e+10
4763952076544279924 3.10931e+10
4761861061775274685 2.31165e+10
4768094091024471793 5.94275e+10
4767635997309782061 5.59325e+10
4766706216680608394 4.88389e+10
-4453041204370600834 -8.42655e+10
4759767874520300142 1.61558e+10
4761309360429093134 2.10119e+10
4766482832931196670 4.71346e+10
4766732718383361820 4.90411e+10
-4458014731302341277 -3.85475e+10
-4453606869257768811 -7.56342e+10
4769205586709957246 6.79076e+10
-4455401541952859952 -5.84846e+10
-4455548272879428040 -5.73651e+10
-4461002478762388368 -2.50563e+10
-4466738078558617160 -1.01783e+10
-4461889005957297723 -2.16744e+10
4762711906837084741 2.63622e+10
-4453887147293852661 -7.13575e+10
-4459406258717093522 -3.11454e+10
4768958035385114246 6.60189e+10
4760841759259952728 1.92282e+10
-4453928002113251228 -7.07341e+10
4767467169924089834 5.46445e+10
4766153864765545173 4.46248e+10
-4462828953640786585 -1.80888e+10
-4461330885894590817 -2.38035e+10
-4462616429790042166 -1.88995e+10
-4457731318653556907 -4.07098e+10
4760469064733205572 1.78065e+10
-4453507105953487604 -7.71565e+10
4769511056048426696 7.17567e+10
-4465722145908736156 -1.2116e+10
4769234232038648221 6.81261e+10
4763992058712239707 3.12456e+10
-4469204913970681223 -7.03155e+09
-4471263692035614088 -5.06815e+09
-4458205448765204167 -3.70925e+10
-4456612333043914944 -4.9247e+10
-4457119565754196702 -4.53771e+10
4758485621458282825 1.371e+10
-4458410094392250497 -3.55311e+10
-4454309061307159662 -6.68195e+10
4766147406020388104 4.45755e+10
-4473644682654899436 -3.54621e+09
-4475784666096032716 -2.52579e+09
-4455864457743390997 -5.49528e+10
4768710369787798642 6.41294e+10
-4454480235668601330 -6.55136e+10
-4458222775152987269 -3.69603e+10
-4455679223537746637 -5.6366e+10
-4452741105688524409 -8.88447e+10
4769501958669311387 7.16179e+10
-4458119250597047026 -3.77501e+10
4767533404123029602 5.51498e+10
4762850965365652027 2.68927e+10
4764585939569215372 3.35111e+10
-4455464571461726244 -5.80037e+10
-4453231828158830629 -8.13569e+10
4770192275496911867 8.21513e+10
4766747361009539892 4.91528e+10
-4454030945523263708 -6.91633e+10
4768766561162972312 6.45581e+10
-4456210429559165548 -5.23132e+10
4770596075646210926 8.83128e+10
4753561176132310719 6.45368e+09
4763666895317113882 3.00052e+10
-4470176130036192486 -6.10533e+09
4768000205308512911 5.87112e+10
4769403021629065512 7.01083e+10
4765268188729862401 3.78676e+10
-4463198901167386577 -1.69287e+10
-4455888041108031972 -5.47729e+10
4768221304328333558 6.03981e+10
-4454979663384676367 -6.17032e+10
4763935778979587698 3.10309e+10
-4459319136323823194 -3.14777e+10
-4460412719741966677 -2.7306e+10
4752886526200313323 5.81028e+09
-4468565573174740259 -7.64127e+09
4762376754782275945 2.50837e+10
4765389648839555704 3.87943e+10
-4469095446766258402 -7.13595e+09
4754502766734817249 7.35165e+09
-4452776419874514494 -8.83058e+10
-4457649220846102007 -4.13361e+10
-4455844420064774956 -5.51057e+10
4764834035234520008 3.45553e+10
-4466836893478815359 -9.98981e+09
-4456892099204327164 -4.71125e+10
4762972573614003616 2.73566e+10
-4456489116451685350 -5.0187e+10
-4460512395048700022 -2.69258e+10
4747668864602859433 2.56465e+09
-4465179908334533888 -1.31503e+10
-4460240504570658590 -2.7963e+10
-4453299013419518004 -8.03317e+10
-4453812595581522479 -7.2495e+10
4767550690809390513 5.52817e+10
4769182254969439867 6.77296e+10
4770507628621533467 8.69632e+10
4750258123821953734 3.7993e+09
-4458014512333728130 -3.85492e+10
-4455575201819656338 -5.71596e+10
-4460977221219313258 -2.51526e+10
-4466358427164748283 -1.09024e+10
4768591348479754067 6.32213e+10
4764378473374262222 3.27197e+10
4767008035137766062 5.11416e+10
-4462244474756818198 -2.03184e+10
-4454643022090256134 -6.42716e+10
-4465193302503681910 -1.31247e+10
-4453918821039393291 -7.08742e+10
4760504713556375376 1.79425e+10
4770285704799213359 8.3577e+10
-4453987252324853260 -6.983e+10
4768949834794593572 6.59563e+10
-4455087733131759108 -6.08787e+10
4767392562706117478 5.40753e+10
-4458819549398500990 -3.33835e+10
-4462684142158004493 -1.86412e+10
-4468275270442297918 -7.91813e+09
4752854249380353372 5.7795e+09
4766043529408814510 4.3783e+10
4770313202598651812 8.39965e+10
4770180998193415864 8.19793e+10
-4453744768777482791 -7.353e+10
-4452948167746995041 -8.56852e+10
-4453329545503763568 -7.98658e+10
4769468128285801156 7.11017e+10
4769487309340791574 7.13944e+10
-4453173125859575752 -8.22526e+10
-4464498999146118933 -1.4449e+10
-4455661034472961727 -5.65048e+10
-4456505476360698794 -5.00622e+10
4766825428882689001 4.97484e+10
4761553382624713095 2.19428e+10
-4453570382576439559 -7.61909e+10
-4469361798895904525 -6.88193e+09
-4463546558188556209 -1.62656e+10
-4469070911025578228 -7.15935e+09
4760571301588786907 1.81965e+10
4768163841329695568 5.99597e+10
4757230707188236011 1.13165e+10
-4456092746778025871 -5.32111e+10
4767407154385772737 5.41866e+10
4763884811602620080 3.08365e+10
-4453543260942522851 -7.66048e+10
4770225473597099301 8.26579e+10
-4471924222396763764 -4.43822e+09
-4462160638812374292 -2.06382e+10
-4460929843483516566 -2.53334e+10
4769854262867378510 7.69937e+10
4769690265519626001 7.44913e+10
-4453917103505697285 -7.09004e+10
4769503417194855548 7.16402e+10
4769102425498378920 6.71205e+10
-4455847735918830558 -5.50804e+10
4769743596358249556 7.5305e+10
4769828772362029627 7.66047e+10
-4453757963708751931 -7.33287e+10
4767821709470377446 5.73494e+10
4770293909632550854 8.37021e+10
4744381769341150516 1.57236e+09
-4452763342127882715 -8.85054e+10
-4455765199083450951 -5.57101e+10
-4458082660991962148 -3.80292e+10
4761774796801839826 2.27874e+10
-4457489987058221018 -4.2551e+10
4766129492575091852 4.44388e+10
-4453135402184456755 -8.28282e+10
4765500457668466920 3.96397e+10
-4460567728295084260 -2.67147e+10
4769018668520500026 6.64815e+10
-4458034872313724852 -3.83938e+10
4756238607040327199 9.42421e+09
4764011057740572184 3.13181e+10
4770168770340800508 8.17927e+10
4761612795999344037 2.21695e+10
4762256759066084257 2.4626e+10
-4465785302931153768 -1.19956e+10
-4452808338078290155 -8.78188e+10
4770617689689427537 8.86426e+10
-4461187125234286561 -2.43519e+10
4769790615008861632 7.60225e+10
-4453870744923950047 -7.16078e+10
-4457554116012900347 -4.20617e+10
4767355558973752633 5.3793e+10
-4458173248588621603 -3.73381e+10
-4455713212187049908 -5.61067e+10
4765685007155462336 4.10477e+10
-4461982766559241793 -2.13168e+10
-4452789430984926806 -8.81073e+10
4764944729878214494 3.53998e+10
4769370078588701672 6.96056e+10
-4452844784529208489 -8.72627e+10
4769332994319166102 6.90397e+10
-4455494721627015942 -5.77737e+10
4762321980562455677 2.48748e+10
-4454827879165110656 -6.28613e+10
4769790136944840767 7.60152e+10
4764031634944064597 3.13966e+10
4768972391124889067 6.61284e+10
-4457817857043269634 -4.00495e+10
4755736339919831986 8.52807e+09
-4454991172281619635 -6.16154e+10
4768001967506308880 5.87247e+10
-4456578662900361877 -4.95038e+10
-4454030323945145822 -6.91728e+10
-4467711398385190806 -8.45588e+09
4768755299603707886 6.44721e+10
4755373118937721894 8.18168e+09
-4469316990212960894 -6.92467e+09
4768662582440213408 6.37648e+10
4769604316466986109 7.31798e+10
-4462261837453951426 -2.02522e+10
4770150050247679859 8.1507e+10
-4455434652404523015 -5.8232e+10
-4455752202103036564 -5.58092e+10
-4457145252541631768 -4.51811e+10
-4461020206690791766 -2.49886e+10
4769696634467582829 7.45885e+10
4761791756398654028 2.28521e+10
-4461345976274280891 -2.37459e+10
4761211398805890401 2.06382e+10
4748807776945275009 3.10772e+09
-4461893160034896744 -2.16586e+10
4734282104394184493 3.27974e+08
4764850917642607612 3.46841e+10
-4452918764519245186 -8.61338e+10
4762831049910700008 2.68167e+10
4761397784221894421 2.13492e+10
4764841572211406003 3.46128e+10
4749829954367098656 3.59514e+09
4769438505854937994 7.06497e+10
-4457010503362489405 -4.62092e+10
4764014103014165796 3.13297e+10
4765550882673835315 4.00244e+10
-4469905948333538818 -6.36299e+09
4767055925098257877 5.1507e+10
-4455493693338367290 -5.77815e+10
-4459381226926775677 -3.12409e+10
-4459795276156363988 -2.96614e+10
4762261441936087278 2.46438e+10
-4455618920305909464 -5.68261e+10
-4457059990018200184 -4.58316e+10
-4452995799217416756 -8.49584e+10
-4454590924258919631 -6.46691e+10
-4464360293982023096 -1.47135e+10
-4456327823359761026 -5.14176e+10
-4462196831108748713 -2.05002e+10
4766812245316497311 4.96478e+10
-4454392995763484118 -6.61792e+10
-4452862126246757766 -8.69981e+10
-4454750957845038988 -6.34481e+10
4766046952336733198 4.38091e+10
4752518894433826009 5.45968e+09
4751189239444169446 4.24329e+09
-4457141080151206414 -4.52129e+10
-4456617668107940265 -4.92063e+10
4754615838043071945 7.45948e+09
4769458433836561272 7.09538e+10
4768364817389191356 6.1493e+10
-4456870440638801382 -4.72778e+10
-4464314401188486097 -1.48011e+10
4765913732556717792 4.27927e+10
-4472405910328695460 -4.13691e+09
-4453791209112529484 -7.28214e+10
-4469727773149829425 -6.53291e+09
4769975926970395768 7.88501e+10
4769222366156114780 6.80356e+10
4762364137670304408 2.50356e+10
-4457596186421132329 -4.17408e+10
-4456385728625698007 -5.09758e+10
-4457867528997733589 -3.96706e+10
-4467242151155669531 -9.21684e+09
-4468758367381914089 -7.45741e+09
-4458443150254458052 -3.52789e+10
4759405242253564786 1.54641e+10
4769110099368822577 6.71791e+10
4747855162697548606 2.65348e+09
4770334002877236892 8.43139e+10
4763004101298666435 2.74769e+10
4762570900997387042 2.58243e+10
4770488140534940133 8.66659e+10
4767301265664676083 5.33788e+10
-4462402247205153121 -1.97166e+10
4748111134606781942 2.77554e+09
-4459253533344775273 -3.1728e+10
4762202892241900681 2.44205e+10
4765930323966469134 4.29193e+10
4768835171502937051 6.50815e+10
4753110919249314358 6.02428e+09
4759194583191708944 1.50623e+10
-4453874776227082347 -7.15462e+10
4770088851672423445 8.05732e+10
-4459314601308896876 -3.1495e+10
4758462978253858839 1.36669e+10
-4453216012513778154 -8.15982e+10
4767031694578621260 5.13221e+10
4748932011682658008 3.16696e+09
4769775209695458650 7.57874e+10
-4465262705999531690 -1.29923e+10
4766960147096903453 5.07762e+10
-4454608051485172741 -6.45384e+10
4765113458424816644 3.66871e+10
-4456803216958262455 -4.77906e+10
4760350502500122515 1.73542e+10
-4452800274495850478 -8.79418e+10
4767778986224611096 5.70235e+10
-4471527279288414297 -4.81677e+09
4750808311715019120 4.06165e+09
4767118895447642313 5.19874e+10
-4454326049305760510 -6.66899e+10
-4455273161950721082 -5.9464e+10
4766767079975173030 4.93032e+10
4769791687323551676 7.60388e+10
4756629305551245761 1.01694e+10
-4458182014978943384 -3.72712e+10
-4457163860336443942 -4.50391e+10
-4455889713246860080 -5.47601e+10
-4453078139634372880 -8.3702e+10
-4454021486075903626 -6.93076e+10
4765628187668887291 4.06142e+10
4761230298842435030 2.07103e+10
-4456316515958442351 -5.15039e+10
4764147183184784492 3.18374e+10
4769957264089860307 7.85653e+10
4767056719224864506 5.1513e+10
4765493842331738872 3.95892e+10
4765618126215992324 4.05374e+10
-4458522959045877114 -3.467e+10
4762623924602628478 2.60266e+10
-4454966334788316864 -6.18049e+10
-4453763523227603412 -7.32438e+10
4766968270956790858 5.08382e+10
4768723847504445004 6.42322e+10
-4459264941373929420 -3.16845e+10
-4462024485948003911 -2.11576e+10
4768908419328943893 6.56404e+10
-4454677181313884024 -6.4011e+10
4768611575154590902 6.33756e+10
-4462420224707167101 -1.9648e+10
4769876068219096547 7.73264e+10
4770446842068509084 8.60357e+10
4756665260598901657 1.0238e+10
4765191119871016573 3.72796e+10
4769574481126339477 7.27245e+10
-4454045407633401140 -6.89426e+10
-4452708537586646600 -8.93416e+10
-4454984726046773348 -6.16646e+10
-4458565471574315581 -3.43527e+10
-4453078688631964955 -8.36936e+10
-4457611721020471550 -4.16222e+10
-4453118339663886922 -8.30886e+10
4762713099014076747 2.63668e+10
-4473162597970665261 -3.77609e+09
4765298496621049425 3.80988e+10
4759467118447023482 1.55821e+10
-4457612919338095615 -4.16131e+10
-4465960196639621490 -1.1662e+10
-4458859656276917174 -3.32305e+10
4758148414723991960 1.30669e+10
-4453649388946490570 -7.49854e+10
-4470616445944840454 -5.68541e+09
4763448748981498670 2.91731e+10
4768851071671662948 6.52028e+10
-4459495947152889292 -3.08032e+10
4770499461646337846 8.68386e+10
-4457129039047973122 -4.53048e+10
-4455922117296789774 -5.45129e+10
-4454348008064210164 -6.65224e+10
-4453892277257495141 -7.12792e+10
4759261081939548488 1.51891e+10
-4453416039714737126 -7.8546e+10
-4453675071060282942 -7.45935e+10
-4454688727894457418 -6.39229e+10
4766607222122381776 4.80836e+10
4770541563597567896 8.7481e+10
-4457363565994057632 -4.35155e+10
4766608320117565926 4.8092e+10
-4454739756699559588 -6.35336e+10
4757317370462916878 1.14818e+10
4767349720203386784 5.37484e+10
-4463787635127626918 -1.58058e+10
4760452492596095165 1.77432e+10
-4467232731186138465 -9.23481e+09
4769380729182343760 6.97681e+10
-4458786927394307671 -3.35079e+10
-4453123965186352792 -8.30027e+10
-4455046281160433586 -6.1195e+10
4766095581332654862 4.41801e+10
-4460523562666110242 -2.68832e+10
4765707843544389024 4.12219e+10
4767978382047526952 5.85447e+10
4767747259345697337 5.67814e+10
-4462601877626390366 -1.89551e+10
4764813362573102599 3.43976e+10
-4454760957313543217 -6.33718e+10
-4461943531127042647 -2.14664e+10
4769949230648871240 7.84428e+10
-4460090626706497930 -2.85347e+10
4743496015778624688 1.36118e+09
-4453177459635191605 -8.21865e+10
4769789431742875650 7.60044e+10
4757675666854441940 1.21652e+10
-4454229052743419500 -6.74299e+10
-4453499763153639856 -7.72685e+10
-4459942122271591343 -2.91012e+10
-4454022057432813142 -6.92989e+10
-4459330599149665547 -3.1434e+10
-4453952568562545180 -7.03592e+10
-4457367894387076822 -4.34825e+10
4769356460919088604 6.93978e+10
4769575442767861680 7.27392e+10
4763681706434382605 3.00617e+10
-4476449122709697184 -2.20895e+09
-4460795558963711584 -2.58456e+10
4756792054027502821 1.04798e+10
4767334608009728476 5.36331e+10
-4462459465352904654 -1.94983e+10
4765368753381173721 3.86349e+10
4755668343773956888 8.46323e+09
4765936774804062717 4.29685e+10
-4467097228530719280 -9.49326e+09
-4461713996263960892 -2.2342e+10
4756750154324479263 1.03999e+10
4768287314421470657 6.09017e+10
-4453498058282952411 -7.72945e+10
4765072954608527463 3.63781e+10
-4456524804376393215 -4.99148e+10
-4452783240660648875 -8.82018e+10
-4453222011911299103 -8.15066e+10
4765652077541595943 4.07964e+10
-4453252711712239447 -8.10382e+10
4770303455065120228 8.38478e+10
-4458297732103405361 -3.63884e+10
-4455318498989789344 -5.91181e+10
-4453139169953038801 -8.27707e+10
4762056071234550768 2.38604e+10
-4457946636688213563 -3.9067e+10
-4461055324605602653 -2.48547e+10
4765921398443249076 4.28512e+10
4753924844388025533 6.8005e+09
-4457194303147024505 -4.48069e+10
4762679969115261004 2.62404e+10
-4456187550316698262 -5.24878e+10
4765853631922110608 4.23342e+10
-4452733861389650228 -8.89552e+10
4766510022526531416 4.7342e+10
4753732748402346982 6.6173e+09
-4462562956555287464 -1.91035e+10
-4474007687155188776 -3.37312e+09
-4453696305938557177 -7.42695e+10
-4454483977473107685 -6.5485e+10
4769820837400200159 7.64836e+10
-4468963770935286766 -7.26152e+09
4764783543778199092 3.42649e+10
4766600892679521424 4.80353e+10
4751820863679882710 4.79398e+09
-4462666894529553704 -1.8707e+10
4770540878371744190 8.74706e+10
4753024896912648169 5.94224e+09
-4466378744912902500 -1.08637e+10
4765405737742734774 3.8917e+10
4758770836693425356 1.42541e+10
-4463493999308094064 -1.63659e+10
-4452873705084736689 -8.68214e+10
4766135666866103128 4.44859e+10
-4466943450219968272 -9.78657e+09
4762718937217279422 2.6389e+10
-4453063121933371474 -8.39311e+10
4767475593333389047 5.47088e+10
-4462299175638077257 -2.01098e+10
4757704092243798184 1.22194e+10
-4453356918401873397 -7.94481e+10
-4453109765558241646 -8.32194e+10
4766738032080605253 4.90816e+10
4767151491547748352 5.22361e+10
-4453135638364290841 -8.28246e+10
4754211265804727666 7.07365e+09
-4459576316421501213 -3.04967e+10
-4465479880588303917 -1.25781e+10
-4452950506558866869 -8.56495e+10
-4463991940958490040 -1.54161e+10
4757215184586579318 1.12869e+10
4770063355370012503 8.01842e+10
4769043686557110897 6.66724e+10
-4457326508762935690 -4.37982e+10
4765399506877196877 3.88695e+10
-4462882735259610234 -1.78837e+10
4762838396789759814 2.68448e+10
4765153167078335708 3.69901e+10
4769881455096749920 7.74086e+10
-4453755325521980039 -7.33689e+10
-4465026460156378158 -1.34429e+10
4747140345309745236 2.31263e+09
-4488136901478815850 -3.84779e+08
-4466352192121835466 -1.09143e+10
-4457489927549715672 -4.25514e+10
4769997458894928957 7.91787e+10
-4453722141529976562 -7.38753e+10
-4458200194238349570 -3.71325e+10
4766142414591804398 4.45374e+10
-4471717857807206514 -4.63502e+09
4768750676002256563 6.44369e+10
4767440274217442142 5.44393e+10
4744059846825471504 1.49561e+09
4762136828093750294 2.41685e+10
4760342943458407648 1.73254e+10
4755204663360211252 8.02103e+09
-4455450913823469875 -5.81079e+10
4769800854022004546 7.61787e+10
4770365395604331728 8.47929e+10
-4455935949763094564 -5.44074e+10
-4460076808844644873 -2.85874e+10
4753850720000426104 6.72981e+09
-4454734563960770020 -6.35732e+10
-4456347815370834567 -5.12651e+10
4767157458278851871 5.22816e+10
4768778125129278391 6.46463e+10
4761096850757428069 2.02013e+10
-4466714279039364939 -1.02237e+10
4757739186599523375 1.22863e+10
4755455093474442298 8.25986e+09
4752831096296235826 5.75742e+09
4770588249503361999 8.81934e+10
-4453400867030944899 -7.87775e+10
-4453060089753612297 -8.39774e+10
-4465745801979333259 -1.20709e+10
-4459187737770201802 -3.1979e+10
4770349560059486730 8.45513e+10
4749428789732360373 3.40385e+09
4761106610981235675 2.02385e+10
4765513438168428304 3.97387e+10
4770583361969255504 8.81188e+10
-4471676326367594713 -4.67463e+09
4751856528034597890 4.828e+09
4733148933182661443 2.64434e+08
-4453985537528810268 -6.98562e+10
-4454259629273625345 -6.71967e+10
-4453250984525862497 -8.10646e+10
-4458006011702981362 -3.8614e+10
-4453296636127806208 -8.0368e+10
-4452952331859019450 -8.56216e+10
-4473382189765257675 -3.67138e+09
-4462431398999651603 -1.96054e+10
4756780709411554334 1.04582e+10
4761596013073858570 2.21054e+10
4760645514497469440 1.84796e+10
-4460595115863087728 -2.66102e+10
-4475632625529619290 -2.59829e+09
-4456425921821986501 -5.06692e+10
4767188196166980753 5.25161e+10
-4453342904683306538 -7.9662e+10
4766457418022154706 4.69407e+10
-4459424312633438228 -3.10765e+10
-4453267105915493762 -8.08186e+10
4767843174905935454 5.75132e+10
-4460832717291669314 -2.57039e+10
-4473658871681422028 -3.53945e+09
-4454702768182437587 -6.38158e+10
-4459574764466731100 -3.05026e+10
4770655161533190239 8.92144e+10
4766304330854266287 4.57727e+10
-4453313288131307816 -8.01139e+10
4770574475231270968 8.79832e+10
-4456742757516598748 -4.82519e+10
4758671263650575096 1.40641e+10
-4480961669816046740 -1.10234e+09
-4460032079695429428 -2.87581e+10
4765051903889226566 3.62175e+10
4754326052476188520 7.18312e+09
4761562587857540851 2.19779e+10
4766229198966729930 4.51995e+10
4757018375649435552 1.09115e+10
-4453907726438788244 -7.10435e+10
-4454710622868863950 -6.37559e+10
-4454156913525092354 -6.79803e+10
4765601685126296093 4.0412e+10
4766081637287902547 4.40737e+10
-4471082914183726588 -5.24055e+09
-4456312261961961828 -5.15363e+10
4770231809393277902 8.27546e+10
-4457552446306329698 -4.20745e+10
-4457582094150465854 -4.18483e+10
4765592940266360961 4.03453e+10
4759790573873878372 1.6199e+10
-4458837026509897614 -3.33168e+10
4755715750413261489 8.50844e+09
4770041140875506241 7.98452e+10
4767185266878256248 5.24937e+10
4764725287241931615 3.40427e+10
-4457823382990424000 -4.00074e+10
4767167493402287180 5.23581e+10
-4467075550245366216 -9.53461e+09
-4459504333074884094 -3.07712e+10
4766988347322479566 5.09914e+10
4764075390252296101 3.15635e+10
4769569131043397026 7.26429e+10
-4457895000669491588 -3.9461e+10
-4452891846862291956 -8.65446e+10
4760915733109357367 1.95104e+10
4767785366755785057 5.70721e+10
4762298020950490577 2.47834e+10
-4461111572598930878 -2.46401e+10
-4461969765935894710 -2.13664e+10
4765952689053705110 4.30899e+10
4741286298534382865 9.54043e+08
4704391601107151384 3.32351e+06
-4470445844745414179 -5.84811e+09
-4457257825138944664 -4.43222e+10
4770320821361558216 8.41128e+10
4764180792794575708 3.19656e+10
-4456393347383150920 -5.09177e+10
-4456865992498003565 -4.73117e+10
4770016376551706425 7.94673e+10
4769971173663089318 7.87776e+10
4767938094669430603 5.82374e+10
-4457404985364407626 -4.31995e+10
-4476928226602579605 -2.06399e+09
4766692279878093536 4.87326e+10
-4453317096277545066 -8.00558e+10
-4455547454757456351 -5.73713e+10
-4453279801595925389 -8.06248e+10
4768385708779268262 6.16524e+10
4761684784734011308 2.24441e+10
-4461791585102367550 -2.20461e+10
4761907524131522311 2.32938e+10
-4458434826698598436 -3.53424e+10
-4457987773644023796 -3.87532e+10
4769604512650909436 7.31828e+10
-4459041455393355557 -3.2537e+10
4769402951377180810 7.01072e+10
4765666295515254376 4.09049e+10
4770155908137988865 8.15964e+10
-4457315408059873028 -4.38829e+10
-4453988467172011754 -6.98115e+10
4764936408787333289 3.53363e+10
4766389316765673663 4.64211e+10
4760923992074057035 1.95419e+10
-4455221025257800167 -5.98618e+10
-4452845541108522292 -8.72511e+10
4758797362784195261 1.43046e+10
4768359678825391897 6.14538e+10
-4456668452422086452 -4.88188e+10
4767689791897009826 5.6343e+10
4767064335397362181 5.15711e+10
-4455282703216822524 -5.93912e+10
4762415185060907518 2.52303e+10
-4453256630537098032 -8.09784e+10
4763113658878359660 2.78948e+10
-4464007141978627006 -1.53871e+10
-4453865738231042066 -7.16842e+10
4768152541366940060 5.98735e+10
-4469592461715655798 -6.66196e+09
4770006606724299304 7.93183e+10
-4469203944296165224 -7.03248e+09
4768253272535177906 6.0642e+10
4758250709801054519 1.3262e+10
4766461926456760727 4.69751e+10
-4454224955022207416 -6.74612e+10
-4474988901085877596 -2.90524e+09
-4453654205007130142 -7.49119e+10
-4452881396357273506 -8.6704e+10
-4456336639573186257 -5.13503e+10
-4453146064873944231 -8.26655e+10
-4457662223596310992 -4.12369e+10
-4459231562381410393 -3.18118e+10
4765812561357112698 4.20208e+10
-4453047740342658949 -8.41658e+10
4769859927671347680 7.70801e+10
4769494823145789812 7.15091e+10
-4453185292862126716 -8.20669e+10
4746321136871403608 2.03474e+09
4766021228585528957 4.36128e+10
-4457623060979137818 -4.15357e+10
-4459451627386415724 -3.09723e+10
4752911340810763425 5.83394e+09
-4466004781031343724 -1.15769e+10
4770287742163858142 8.3608e+10
4758745409241351650 1.42056e+10
-4453777395558935153 -7.30322e+10
-4462031961922127738 -2.11291e+10
4764156106253933125 3.18714e+10
4769801680351481783 7.61913e+10
4768373460955964984 6.1559e+10
4761526340088245210 2.18397e+10
-4462277837345233110 -2.01912e+10
4764412878910312446 3.28509e+10
-4455956788221577548 -5.42484e+10
-4454866569520778516 -6.25661e+10
4767479651658574500 5.47397e+10
4764241300510551117 3.21964e+10
-4456759002356929750 -4.8128e+10
4767826467195012463 5.73857e+10
4769408776192060479 7.01961e+10
-4457635154926709160 -4.14434e+10
-4453766315551874857 -7.32012e+10
-4456387052580872124 -5.09657e+10
-4452745828298124059 -8.87726e+10
-4454152103141538017 -6.8017e+10
-4454778811381217934 -6.32356e+10
4769532662860312837 7.20864e+10
-4455106711698589381 -6.07339e+10
4763180333403155246 2.81491e+10
4762708509769625397 2.63493e+10
-4465300814958411154 -1.29196e+10
4770479029249420073 8.65268e+10
-4455574264026254912 -5.71668e+10
4768805275154074758 6.48534e+10
4770102723142103440 8.07849e+10
4766385075039550271 4.63888e+10
4770128047239595639 8.11713e+10
-4459786661427656367 -2.96942e+10
-4466260165054133107 -1.10898e+10
4769219353254450028 6.80126e+10
-4455532516061194404 -5.74853e+10
-4453412488864255213 -7.86002e+10
-4457623996318467819 -4.15286e+10
4768787212686654501 6.47156e+10
-4457365788771978924 -4.34986e+10
-4464343987604487702 -1.47446e+10
4763693140618484661 3.01053e+10
4769923350791456812 7.80479e+10
4762742098612518847 2.64774e+10
-4477788207921449864 -1.85895e+09
4768024152039329768 5.88939e+10
4769683233394313864 7.4384e+10
4758789595004618358 1.42898e+10
-4453227572466314076 -8.14218e+10
4769721073108836889 7.49614e+10
4764973960595650050 3.56228e+10
-4455817979146644020 -5.53074e+10
4767867370010594640 5.76978e+10
4768724726585550926 6.42389e+10
4768456403018525521 6.21917e+10
-4471017473500602335 -5.30296e+09
-4458082462397595332 -3.80308e+10
4768086364985923101 5.93686e+10
4762847704111958916 2.68803e+10
-4454871646394675802 -6.25273e+10
4766963714727780432 5.08034e+10
-4463643360726556748 -1.6081e+10
-4453929837905922529 -7.07061e+10
-4454122769833009848 -6.82408e+10
4768454757601808501 6.21792e+10
4770487528636770652 8.66565e+10
-4458299340185515745 -3.63761e+10
4769587881768782570 7.2929e+10
-4457270957060566555 -4.42221e+10
-4455070461726082945 -6.10105e+10
-4455213455767194515 -5.99195e+10
4763766008019792464 3.03833e+10
4767965289205629156 5.84448e+10
-4453896046138589567 -7.12217e+10
-4459053953946409731 -3.24893e+10
-4458981912661892980 -3.27641e+10
4769856136261877559 7.70223e+10
-4456847162767878562 -4.74554e+10
4769453317359404653 7.08757e+10
4770375720144590602 8.49505e+10
-4454961212443202791 -6.1844e+10
4760288377441855425 1.71485e+10
-4455241322893475671 -5.97069e+10
4770392321065232094 8.52038e+10
-4468228654253946294 -7.96258e+09
-4452870833112213725 -8.68652e+10
-4467120334278525736 -9.44919e+09
4765987650900480257 4.33567e+10
4768412054032241500 6.18534e+10
-4453850351023232719 -7.19189e+10
4769407678491364900 7.01793e+10
4761910949469884491 2.33068e+10
4743449450111423463 1.35008e+09
4770629527808232906 8.88233e+10
4766126501738255971 4.4416e+10
-4460802078373514318 -2.58207e+10
4770453008173828783 8.61298e+10
-4453234891123552479 -8.13101e+10
-4457530521741275254 -4.22417e+10
-4456848876865874571 -4.74423e+10
-4456124266795078852 -5.29706e+10
-4465357634281381436 -1.28113e+10
4769546071721168464 7.2291e+10
-4453066748156567133 -8.38758e+10
4752369336733277155 5.31705e+09
-4456572839421587762 -4.95483e+10
-4460416950931943408 -2.72899e+10
-4469226766942291915 -7.01071e+09
-4468552635659203283 -7.65361e+09
-4457068829190826982 -4.57642e+10
-4466092173634238586 -1.14102e+10
4761005391507318875 1.98524e+10
4768265382265155268 6.07344e+10
4760580832700486132 1.82328e+10
4759532159236482030 1.57062e+10
-4458272849913281676 -3.65782e+10
4761232210814936902 2.07176e+10
-4453118045671583521 -8.3093e+10
-4453152220563094095 -8.25716e+10
-4469469749855023233 -6.77898e+09
-4454460784742102886 -6.5662e+10
4769851910465404471 7.69578e+10
-4453791156840808099 -7.28222e+10
4762364799702426391 2.50381e+10
4769817390002462602 7.6431e+10
4768292838252670104 6.09438e+10
4770612758576465999 8.85674e+10
4769606349910570102 7.32108e+10
4769329324353510639 6.89837e+10
-4457427942351857704 -4.30244e+10
-4454733480144665222 -6.35815e+10
-4453757425214585562 -7.33369e+10
4764586801940821625 3.35144e+10
-4453278779257036572 -8.06404e+10
-4454172338094775797 -6.78626e+10
-4456445659602167240 -5.05186e+10
-4457714420757551856 -4.08387e+10
-4470493651103872728 -5.80252e+09
4764142818646019940 3.18207e+10
4765660106947000888 4.08577e+10
4765257142299952711 3.77833e+10
-4454045609576212081 -6.89395e+10
-4460063046935620338 -2.86399e+10
4756104115985870965 9.16769e+09
4765369861214457546 3.86433e+10
4769816421456819454 7.64163e+10
4768423337612706863 6.19395e+10
-4459709374778151676 -2.99891e+10
4770226478539348450 8.26732e+10
4769311801571692987 6.87179e+10
4767196828390490902 5.2582e+10
-4453822838379388882 -7.23388e+10
4767687525960152380 5.63257e+10
4769337585145130149 6.91098e+10
4765816302310874291 4.20494e+10
4765994209433635017 4.34067e+10
4765639912000580853 4.07036e+10
4765713722921456741 4.12668e+10
4762949219666866574 2.72675e+10
4761132522572520392 2.03374e+10
4770548862474990600 8.75924e+10
4767256347148402388 5.3036e+10
4765069337416314656 3.63505e+10
4764126058777898897 3.17568e+10
4768397928495273466 6.17456e+10
4767885729802401946 5.78379e+10
4769434475773387916 7.05882e+10
-4454096258095831036 -6.84431e+10
-4458176322056769158 -3.73147e+10
4758144251179130729 1.30589e+10
4768400419334143420 6.17646e+10
-4452738702340027555 -8.88814e+10
4764575012625316688 3.34694e+10
-4455697667193354822 -5.62253e+10
4756349825993655209 9.63634e+09
-4463052176588531465 -1.72373e+10
-4454031222522485855 -6.91591e+10
-4462911432843662116 -1.77742e+10
4765826036477896840 4.21236e+10
-4453593652790659529 -7.58359e+10
-4458033242384925279 -3.84063e+10
4752409747894736245 5.35559e+09
-4455356973692567228 -5.88246e+10
-4453882354328751959 -7.14306e+10
-4464270595293662253 -1.48846e+10
4769564667845507632 7.25748e+10
4768342940913029886 6.13261e+10
-4454740092896438035 -6.3531e+10
4762221518382260142 2.44915e+10
-4483743634110592411 -7.56406e+08
4766354611353002108 4.61564e+10
4761760775219337415 2.2734e+10
-4458208343064323621 -3.70704e+10
-4469402441459938664 -6.84317e+09
-4458498156193155902 -3.48593e+10
-4454590180402602801 -6.46748e+10
-4458039920862184384 -3.83553e+10
-4456039011197582184 -5.36211e+10
-4457330492789745331 -4.37678e+10
4758469872820287278 1.368e+10
4766699532706229294 4.87879e+10
-4453887426223610996 -7.13532e+10
4758715582828071521 1.41487e+10
