4711244194179562992 9.28079e+06
-4519929913631974052 -2.88138e+06
4710050876777658756 7.72333e+06
4710500257297340649 8.14185e+06
4712290832887113281 1.12303e+07
-4512754355148956539 -8.25121e+06
-4516787182640779170 -4.49535e+06
4709615298623271160 7.31767e+06
-4515104348895195704 -6.06261e+06
4699074610066879201 1.47237e+06
-4529827933780404258 -616639
4704804479982391148 3.51577e+06
-4518195850189755455 -3.68886e+06
4690024488741158445 365595
4712885225413165431 1.23374e+07
4712357441245826788 1.13544e+07
4705205257223327519 3.7024e+06
4708123320816464969 5.92816e+06
-4511861132607322010 -9.77757e+06
4703521320342126812 2.91826e+06
-4510025888197038126 -1.3196e+07
-4514082371504528722 -7.0144e+06
-4511797112759042042 -9.89682e+06
4710668303873746696 8.29836e+06
-4512081952132594427 -9.36626e+06
-4520314325628024609 -2.70237e+06
-4511688125719568384 -1.00998e+07
-4511380816568430312 -1.06722e+07
4713569144015062061 1.36113e+07
-4513360885358718026 -7.68634e+06
4689804899946445392 352813
4711228442049244278 9.25144e+06
4703853560602382808 3.07297e+06
-4515639151063984604 -5.56454e+06
4705313087607966982 3.75261e+06
4693938796980228334 662588
-4538116840841451394 -175065
4713186143590916282 1.28979e+07
-4515536190552969159 -5.66043e+06
4709706930588569180 7.40301e+06
4694514767914899205 729640
4709664635347862578 7.36362e+06
-4520272391197005184 -2.7219e+06
4711996174548050482 1.06815e+07
-4515266633933857988 -5.91147e+06
-4517473708295425169 -4.02514e+06
4710768719655316834 8.39514e+06
4712398911634475485 1.14316e+07
-4510808816327247777 -1.17377e+07
4712842711546423471 1.22583e+07
4694339096006125071 709189
-4511047563808070530 -1.1293e+07
-4512602414472745892 -8.39683e+06
4706539440549631005 4.45305e+06
4711977180150318254 1.06461e+07
-4517264824053418312 -4.12241e+06
-4510727030526980656 -1.189e+07
-4510080409724505862 -1.30944e+07
-4525665029044578146 -1.15395e+06
-4510711278396661940 -1.19193e+07
-4513947423375299002 -7.14008e+06
4713154786861078131 1.28395e+07
4712152579736511186 1.09728e+07
4711401382199959813 9.57357e+06
-4514778932509019994 -6.36568e+06
4697409632970179423 1.08472e+06
-4518806465947550128 -3.40452e+06
4709381514202393469 7.09994e+06
4689618815722942410 341982
4706671166940674052 4.57573e+06
4695654026241348501 862267
-4510362463056904507 -1.25691e+07
-4523314062144783252 -1.70133e+06
4712586513445265998 1.1781e+07
4712571496888739616 1.17531e+07
4708230399367618809 6.02788e+06
-4515295301873786769 -5.88477e+06
4708745430567812532 6.50754e+06
4705455250089448140 3.81881e+06
-4517566879966377031 -3.98175e+06
4707261061383538606 5.12512e+06
-4512218093139490156 -9.11268e+06
-4523603118787617328 -1.63403e+06
4711828409563069231 1.0369e+07
4711083277812859693 8.98106e+06
-4516644067303077528 -4.62863e+06
-4513674651988389809 -7.39412e+06
4712023167630445316 1.07317e+07
-4517350784386709521 -4.08238e+06
4707226159133458672 5.09261e+06
4712947305310891886 1.24531e+07
4702447507390280234 2.41822e+06
4706365940564853382 4.29147e+06
4711514988902022296 9.78518e+06
-4523539305657057085 -1.64889e+06
4712471314248109219 1.15665e+07
-4520167407186257218 -2.77079e+06
4710871866320723452 8.58727e+06
4707154350421491037 5.02573e+06
4712280941660088450 1.12119e+07
-4531421965454445256 -477679
-4513289646008829056 -7.75268e+06
4712856264000777584 1.22835e+07
4712415048929919601 1.14617e+07
-4511949853616918245 -9.61232e+06
4711842864750956766 1.03959e+07
4705519799271224600 3.84887e+06
-4522648032370139820 -1.8564e+06
4704261124955760702 3.26276e+06
-4515200568126462113 -5.973e+06
4710135911085951540 7.80253e+06
-4515973862006460540 -5.25281e+06
-4524415013561416482 -1.445e+06
-4513590828317931376 -7.47219e+06
-4512533857733537220 -8.52452e+06
-4515059236321610196 -6.10462e+06
4699364471509968222 1.53986e+06
-4521225745793459520 -2.27796e+06
-4512271302958488137 -9.01357e+06
4712219893332139619 1.10982e+07
-4511298244860253217 -1.0826e+07
-4511633712130819586 -1.02012e+07
-4540094336920625832 -124292
4709388148866569749 7.10612e+06
4713361560316626510 1.32247e+07
4712632927408145109 1.18675e+07
4707160985072026635 5.03191e+06
-4519274063871240150 -3.18678e+06
4709074584937436753 6.81409e+06
-4518423110422342710 -3.58304e+06
-4515584336104979849 -5.61559e+06
-4513771125072753582 -7.30427e+06
4702204278665692161 2.30496e+06
-4514127071815773463 -6.97277e+06
-4512019128633534111 -9.48328e+06
4708558370448976666 6.33333e+06
-4511624917826081217 -1.02176e+07
4710354680771333936 8.00627e+06
-4512190671350912059 -9.16376e+06
4708936922012336883 6.68588e+06
-4510878746737725494 -1.16074e+07
4712854091292441864 1.22795e+07
-4510556514291405838 -1.22076e+07
4693300485290243283 588278
-4512368022618645272 -8.83342e+06
-4513999636005859063 -7.09145e+06
4710481451638908888 8.12434e+06
4708573189727135469 6.34713e+06
4706344252316518654 4.27127e+06
4713107493183316955 1.27514e+07
4705424757626419360 3.80461e+06
4709366460618235022 7.08592e+06
-4511156309168755766 -1.10904e+07
-4511762998476615109 -9.96036e+06
4692983343682960018 551358
-4510932973340001499 -1.15064e+07
-4510811029739379442 -1.17335e+07
-4512962445339566096 -8.05741e+06
-4526100762907354050 -1.0525e+06
4710943786606651854 8.72123e+06
4701341743734097391 2.00023e+06
4709244776715742689 6.97259e+06
-4510547866317086704 -1.22237e+07
-4512098474040716310 -9.33549e+06
4713584801976930606 1.36405e+07
-4512952881843573894 -8.06632e+06
4711973123663758680 1.06385e+07
-4511624823664451389 -1.02177e+07
4713552659025446788 1.35806e+07
-4510578898869289962 -1.21659e+07
4711688749069173866 1.01088e+07
-4510846509617791506 -1.16675e+07
-4509848094016351049 -1.35271e+07
4712458122644364331 1.15419e+07
4702755205253121097 2.56151e+06
-4512428975925601289 -8.71988e+06
-4512176457814531582 -9.19023e+06
-4519772158568414552 -2.95484e+06
4712311035187723059 1.12679e+07
4710944048378165286 8.72172e+06
-4517862546720159270 -3.84407e+06
4698900616616779161 1.43186e+06
4701907919565439760 2.16696e+06
-4525064415180663699 -1.2938e+06
4707247177733418561 5.11218e+06
-4511246525988290246 -1.09224e+07
4695466914274279261 840484
4709294955779746699 7.01933e+06
-4515881215883715839 -5.3391e+06
4713471069746489378 1.34287e+07
4701763862829690748 2.09988e+06
4711792357642184431 1.03018e+07
4709017123917959892 6.76058e+06
4704806765233176074 3.51684e+06
-4510305935544340307 -1.26744e+07
4709016935581059553 6.7604e+06
4711142412591795578 9.0912e+06
4712491918491883612 1.16049e+07
4711728755853535199 1.01834e+07
4711110175471861589 9.03116e+06
4713283676651778541 1.30796e+07
4708900007325117760 6.6515e+06
4712169544373437722 1.10044e+07
4713344629951914220 1.31932e+07
4706646460336725554 4.55272e+06
-4543496001817690830 -74791.3
-4512188709732134733 -9.16741e+06
4711095152381448394 9.00317e+06
4711958376115127684 1.06111e+07
-4510914848781297357 -1.15402e+07
4706025187395685662 4.08421e+06
-4514233446425877194 -6.8737e+06
4704840146056116429 3.53238e+06
-4513679596926688452 -7.38951e+06
4707634800118608128 5.47319e+06
-4516249488906518360 -4.99611e+06
-4516598367470838195 -4.6712e+06
-4513746706710062492 -7.32701e+06
-4510873344631959998 -1.16175e+07
4705050616709473280 3.63039e+06
-4513519053912279694 -7.53903e+06
4706108678492669249 4.12309e+06
4688752023259400424 291528
4713166966626292324 1.28622e+07
-4515170765309048408 -6.00075e+06
4698153273043577444 1.25786e+06
4708181076542882646 5.98195e+06
-4511446312413557500 -1.05502e+07
-4528442105062301543 -777971
4702675981343496036 2.52462e+06
4712769347176024059 1.21216e+07
-4524870109336007141 -1.33904e+06
-4516820236141907362 -4.46456e+06
4711353995404081005 9.48531e+06
-4522947979788274685 -1.78657e+06
-4509834470521323586 -1.35525e+07
-4517071917819979903 -4.23017e+06
4703024064765163988 2.6867e+06
4711142482193376948 9.09133e+06
-4513818877759473719 -7.2598e+06
4706898253813830123 4.78722e+06
-4531637386311404122 -465140
-4531161920360326778 -492815
-4515900564986929920 -5.32108e+06
4707970713228054712 5.78603e+06
-4512460957030389772 -8.66031e+06
4704391557787261777 3.32349e+06
-4510385662631453582 -1.25258e+07
-4521078252424215088 -2.34664e+06
4707498992026204299 5.34671e+06
4706853157486297220 4.74522e+06
4705318236474465820 3.75501e+06
-4517160712582553525 -4.17089e+06
-4512491226809280214 -8.60393e+06
4703646518398112006 2.97656e+06
4704704119426341679 3.46904e+06
4708516798491807659 6.29461e+06
-4516586573900620915 -4.68218e+06
4708801208408939255 6.55949e+06
-4512890902348089415 -8.12404e+06
4712426562647899078 1.14831e+07
4707170110470225820 5.04041e+06
4706225748529862730 4.1776e+06
-4514503569146943963 -6.62213e+06
4695849596304439428 885034
-4511070819343518687 -1.12496e+07
-4514598228770801072 -6.53397e+06
4711788991121795964 1.02955e+07
4707210194938272782 5.07774e+06
-4511160113746015203 -1.10833e+07
-4511416947168770543 -1.06049e+07
-4518009336939513162 -3.77572e+06
4701736836438941504 2.09222e+06
4702715324154006357 2.54294e+06
4706636976870616332 4.54389e+06
-4515426663226531130 -5.76243e+06
4709836100020076819 7.52331e+06
-4515414993909288804 -5.7733e+06
-4516623707070648228 -4.6476e+06
-4512566341961251180 -8.46402e+06
4713355870678919082 1.32141e+07
-4509839554560479850 -1.35431e+07
4711056768135784092 8.93168e+06
-4516677518484657119 -4.59748e+06
-4512543640653544692 -8.5063e+06
-4523180415159314857 -1.73245e+06
4712979069460628590 1.25122e+07
4712397504304822896 1.1429e+07
4709516927574373955 7.22605e+06
4707589555053075566 5.43105e+06
-4511561472646105324 -1.03357e+07
4707200260579410557 5.06849e+06
-4519311770481910132 -3.16922e+06
4709792343439436110 7.48256e+06
4712750792581170132 1.2087e+07
4712358581395435416 1.13565e+07
4711562455461790778 9.87359e+06
-4512930021642379783 -8.08761e+06
4710360142514162393 8.01136e+06
4698380022105236675 1.31065e+06
-4515675967701979443 -5.53025e+06
4712192482824405775 1.10471e+07
4712261475294749086 1.11756e+07
4711739120139421749 1.02027e+07
-4546179834469036210 -50636.2
4701679308498277344 2.07883e+06
-4512170968926745375 -9.20046e+06
-4514991173613812259 -6.16801e+06
4711601442257313751 9.94621e+06
-4537006827592198462 -207371
-4526609226553336607 -991346
4711372416790852058 9.51962e+06
-4541094202860790139 -109742
-4515493320084690508 -5.70035e+06
-4512429693207238677 -8.71854e+06
4707153176163356348 5.02464e+06
4708423673772084230 6.20788e+06
-4511823866522486490 -9.84698e+06
4703295174362312866 2.81295e+06
-4537028289950834512 -206746
4711214108447578309 9.22475e+06
4708327056342020495 6.1179e+06
-4512397269673740553 -8.77894e+06
-4513469522985294558 -7.58516e+06
-4547610486687385461 -40226.9
-4511563166109529909 -1.03326e+07
-4511811860055320416 -9.86935e+06
-4517941476263860581 -3.80732e+06
-4516482072429008857 -4.7795e+06
4712587395717775988 1.17827e+07
4712244510125835941 1.1144e+07
4704407530235060449 3.33093e+06
4711194982396800986 9.18912e+06
4710921089275204251 8.67896e+06
-4541276099285705534 -107095
-4516779828157798597 -4.5022e+06
-4519926646443033999 -2.8829e+06
4706410674827756336 4.33313e+06
4703633453516305567 2.97047e+06
-4514551628571686692 -6.57737e+06
-4512002141441739413 -9.51492e+06
-4510849676370387879 -1.16616e+07
-4511366748243933123 -1.06984e+07
4705878744877323268 4.01602e+06
-4518126356533463550 -3.72122e+06
-4515411774844675860 -5.7763e+06
-4516674786747059566 -4.60002e+06
-4511122154864567002 -1.1154e+07
-4522106027498242157 -1.9826e+06
4712625467325822610 1.18536e+07
4702150484588990459 2.27991e+06
-4514743651075253844 -6.39854e+06
4706408198702904164 4.33082e+06
4709426305510629752 7.14166e+06
-4533735518363486594 -343012
-4512090637952986566 -9.35008e+06
4711871783263398819 1.04498e+07
4704616675477882193 3.42832e+06
4692046330094090822 483282
-4513055846665044942 -7.97043e+06
4699495336560128254 1.57033e+06
-4521973816440116761 -2.01338e+06
4711094086253002196 9.00119e+06
-4519930232933065028 -2.88123e+06
-4514124559965974382 -6.97511e+06
-4516517413527119331 -4.74659e+06
4708476688051901624 6.25726e+06
4705377642600674100 3.78267e+06
4713362921895430706 1.32272e+07
-4516875652955095990 -4.41295e+06
4712084505297726482 1.0846e+07
-4511780167191789343 -9.92838e+06
-4520891022274274515 -2.43383e+06
-4509866357403099169 -1.34931e+07
4710056230690893734 7.72832e+06
4709795645957743286 7.48563e+06
-4515570208218443453 -5.62874e+06
-4511466631000983777 -1.05124e+07
4711615442241992681 9.97229e+06
4708231964976928316 6.02934e+06
-4510507202181425612 -1.22995e+07
-4524657740390740481 -1.38848e+06
4713386685744083952 1.32715e+07
4707848321646965323 5.67204e+06
-4513144878143390374 -7.88751e+06
-4529007005328353617 -712208
4711610263175023262 9.96264e+06
-4511162739502331727 -1.10784e+07
-4511245343027400257 -1.09246e+07
-4519256933329515296 -3.19476e+06
-4515807044237277648 -5.40817e+06
4706360546807185446 4.28645e+06
4710788797007276863 8.43254e+06
-4511716125538878740 -1.00477e+07
-4510541560488838320 -1.22355e+07
-4510569594164322113 -1.21832e+07
-4525666654359154028 -1.15358e+06
4709985527597147519 7.66247e+06
4707384533497634690 5.24011e+06
-4523890860359553466 -1.56704e+06
-4511531712558128883 -1.03912e+07
4702505893029765249 2.44541e+06
4701861334862140453 2.14527e+06
4695253948740132082 815692
4702822759777300431 2.59296e+06
-4518027846308684969 -3.7671e+06
-4515880931857429254 -5.33936e+06
4711955074415261445 1.06049e+07
-4529637552523729893 -638803
-4512274425337945029 -9.00775e+06
4703683032458492352 2.99356e+06
4694280923406816021 702416
4704221807489638064 3.24445e+06
4702890190853305059 2.62436e+06
-4513811979379986780 -7.26622e+06
4711092171305819314 8.99762e+06
-4510813721871255974 -1.17285e+07
-4511234770032254372 -1.09443e+07
4712467770098756009 1.15599e+07
-4512271924189261198 -9.01241e+06
-4531067025080042463 -498339
-4513572792144028114 -7.48898e+06
4711047661991407956 8.91472e+06
-4515486740160572245 -5.70648e+06
-4517751097353383572 -3.89597e+06
4711802081764030904 1.03199e+07
-4517051647056785725 -4.24905e+06
4710873942753123589 8.59114e+06
4706419898834447775 4.34172e+06
-4510319212559217336 -1.26496e+07
-4514509527901672234 -6.61658e+06
4709909042531915478 7.59124e+06
4704634180401773099 3.43647e+06
4711184378028085841 9.16937e+06
-4515994328431601445 -5.23375e+06
-4513441513535662508 -7.61125e+06
-4512768100046056358 -8.23841e+06
4703841970551145252 3.06757e+06
-4511394348357150759 -1.0647e+07
4706872747197506162 4.76347e+06
4710026359820116098 7.7005e+06
4708186736812201110 5.98722e+06
-4512836404930527623 -8.1748e+06
-4520328577167345939 -2.69574e+06
-4516214070383895222 -5.0291e+06
-4522888839628089638 -1.80034e+06
-4513734052044494472 -7.3388e+06
-4519424039135345362 -3.11694e+06
4695944510136051646 896083
-4512053313288240964 -9.41961e+06
4699241906760417200 1.51133e+06
-4510000678108686067 -1.32429e+07
-4519099848323551106 -3.26791e+06
-4519214236438918746 -3.21464e+06
-4515913814945513633 -5.30874e+06
4708712429378700912 6.47681e+06
-4514596702583063374 -6.53539e+06
4706022373977682569 4.0829e+06
4698880858197611691 1.42726e+06
4712407178426748446 1.1447e+07
4707206135989570052 5.07396e+06
4710798902959101918 8.45137e+06
4707553607094650819 5.39757e+06
-4516105464335498185 -5.13025e+06
4705801508333263342 3.98005e+06
-4509875090045133259 -1.34769e+07
4695971189673723441 899189
4711298707468058626 9.38232e+06
4704193767866816798 3.23139e+06
4705614236306428147 3.89285e+06
4692421354354340446 505111
-4520300537544524669 -2.70879e+06
-4518041759968306044 -3.76062e+06
4708169319966195732 5.971e+06
4710601513909809562 8.23615e+06
4706966693781978074 4.85096e+06
-4512026247016765317 -9.47002e+06
-4510268905259159144 -1.27433e+07
-4510718085519984378 -1.19067e+07
4707198385831318378 5.06674e+06
-4512535077831184735 -8.52225e+06
4704223738109964892 3.24535e+06
4707625460629900448 5.46449e+06
4700698754272216980 1.85052e+06
-4509803625132921990 -1.361e+07
-4509870760069714168 -1.34849e+07
-4515908858849136880 -5.31335e+06
-4514629671416476609 -6.50469e+06
4706309231010563718 4.23865e+06
4711498568432834240 9.75459e+06
-4512440531302224470 -8.69836e+06
-4516966799844091195 -4.32807e+06
4706659940277212628 4.56528e+06
4711812799248103915 1.03399e+07
4706235978332262616 4.18237e+06
-4516142932588885883 -5.09535e+06
4711900748577021801 1.05037e+07
-4512515281054418671 -8.55912e+06
-4512088690929739287 -9.35371e+06
4681224933081088867 94420.4
4711079707180121823 8.9744e+06
4706903470283550373 4.79208e+06
4712181315716163215 1.10263e+07
-4512586270902587925 -8.4269e+06
-4519938019934799561 -2.8776e+06
4707794353051374439 5.62178e+06
4711665082192130997 1.00648e+07
4698304451033921284 1.29306e+06
4708757882137261978 6.51914e+06
4712596027002720344 1.17988e+07
-4513796239478539738 -7.28088e+06
4712509483298369760 1.16376e+07
4698778512103848501 1.40343e+06
4712609727765392622 1.18243e+07
-4538889142225406643 -152588
4698910387437501446 1.43414e+06
4712693347125711759 1.198e+07
4710535574960758954 8.17474e+06
4710862665871490323 8.57013e+06
4702790655340283047 2.57801e+06
4706362919549306564 4.28866e+06
4713516056464319764 1.35125e+07
4712645344118830971 1.18906e+07
-4516474292670476617 -4.78675e+06
4711743959567042900 1.02117e+07
4702477770226063387 2.43232e+06
4705325900491808848 3.75858e+06
4709354413781469716 7.0747e+06
4709825971104163133 7.51387e+06
4710396855974036413 8.04555e+06
-4514665240723201748 -6.47156e+06
4703369575745122132 2.8476e+06
-4528226690534619268 -803049
-4512232453245001809 -9.08593e+06
4710413853560031015 8.06138e+06
4711608861363026659 9.96003e+06
4711725094169243062 1.01765e+07
4706574225653531457 4.48545e+06
-4520990306034864236 -2.38759e+06
4703814945767804779 3.05499e+06
4702931364134252864 2.64354e+06
4705784661217635050 3.97221e+06
4697268577784723610 1.05187e+06
-4511959841454075374 -9.59371e+06
4701883987724963801 2.15581e+06
-4510269941446307722 -1.27414e+07
4707643306379878980 5.48111e+06
4692250654856199080 495175
4711133193325241235 9.07403e+06
4690796970400370770 410559
-4511437046782324064 -1.05675e+07
-4534852471337134497 -277997
4688594100606418358 282336
-4510497494755774258 -1.23175e+07
4710865781000924580 8.57594e+06
-4519360190211634795 -3.14668e+06
4705319186384298932 3.75545e+06
-4525011282267832454 -1.30617e+06
-4511895983288802556 -9.71266e+06
-4521025178630100876 -2.37136e+06
-4514203814089710713 -6.9013e+06
-4520655425511426104 -2.54354e+06
-4510042820096327174 -1.31644e+07
4708132103478881006 5.93634e+06
4701388911958503566 2.01121e+06
4710845211274896716 8.53762e+06
4702098457226177221 2.25568e+06
-4524380909618626726 -1.45294e+06
-4529819584264213565 -617611
4713514077740126849 1.35088e+07
-4510647234874977863 -1.20386e+07
-4510874801381804513 -1.16148e+07
4705501387623900703 3.8403e+06
4702953671042092044 2.65392e+06
-4513488177614092036 -7.56779e+06
-4513405731120557996 -7.64457e+06
4704884873962461438 3.55321e+06
4712464619714978381 1.1554e+07
4708727977437592269 6.49129e+06
-4526419430099993258 -1.01344e+06
-4523422353175263551 -1.67612e+06
4711396499899674234 9.56448e+06
4712891560446114591 1.23492e+07
4712836614898037960 1.22469e+07
4712106853939233120 1.08876e+07
4709579680373777978 7.2845e+06
-4516738745737435510 -4.54046e+06
4696857636941810227 1.00239e+06
-4513386638489452276 -7.66235e+06
-4529864064892270071 -612433
4712849935979139119 1.22717e+07
-4527196599898019490 -922967
4711890548647716129 1.04847e+07
4713105615359250919 1.2748e+07
-4512478672907432249 -8.62731e+06
-4525704545391848535 -1.14475e+06
4709966650747994899 7.64489e+06
4709563098310247205 7.26905e+06
4712190271731190099 1.1043e+07
-4514512939504515660 -6.6134e+06
4709421461499739350 7.13714e+06
4713050365896772930 1.2645e+07
-4516688260835693938 -4.58748e+06
-4520398360660855082 -2.66324e+06
4699873089120523498 1.65828e+06
4699130642825076510 1.48542e+06
4704411699127662414 3.33287e+06
-4512585041038211893 -8.42919e+06
-4529960064085690500 -601257
-4517921704040322635 -3.81652e+06
4706265637286028836 4.19805e+06
4712362239601353572 1.13633e+07
-4513139272655051976 -7.89273e+06
4703496321172824616 2.90662e+06
4711613958354010756 9.96952e+06
-4511395007433996827 -1.06458e+07
-4518709731985137616 -3.44957e+06
-4512796870154695469 -8.21162e+06
4705838484458115482 3.99727e+06
4702684885189733509 2.52876e+06
4706929831338572114 4.81663e+06
4702898643793148850 2.6283e+06
-4510649245115967203 -1.20349e+07
4699883313193836820 1.66066e+06
4700205030322461028 1.73557e+06
-4514074727989131165 -7.02152e+06
-4510064118432579066 -1.31248e+07
-4517039649217351198 -4.26022e+06
-4509920035431696314 -1.33931e+07
4712467249447553790 1.15589e+07
4703196627416817568 2.76706e+06
4709687250944341915 7.38468e+06
4711932719198945945 1.05633e+07
4712607567640586314 1.18203e+07
-4512321944482543728 -8.91924e+06
-4524526086963706984 -1.41913e+06
-4533873236656115872 -334996
4710406262411212760 8.05431e+06
4705398443549907414 3.79236e+06
4713082248979618496 1.27044e+07
-4512062286060846037 -9.40289e+06
-4515547097219664810 -5.65027e+06
4711859592435591292 1.04271e+07
-4518268700463300488 -3.65494e+06
4712111909264753170 1.0897e+07
4709012099058903728 6.7559e+06
-4529454992070400771 -660055
-4514964105357617340 -6.19322e+06
4712803362317972130 1.2185e+07
-4511578794443836527 -1.03035e+07
4711617554337956658 9.97622e+06
4704471916792622687 3.36091e+06
4708163434652900894 5.96552e+06
4712479658737708489 1.1582e+07
-4512483079754916370 -8.6191e+06
-4515236433122257190 -5.9396e+06
-4512235539906332131 -9.08018e+06
-4512913288317323130 -8.10319e+06
4704643614652300626 3.44087e+06
-4512368434621813073 -8.83265e+06
-4511642410780273417 -1.0185e+07
-4513633164494325523 -7.43276e+06
4712807524492538065 1.21927e+07
-4509990233833838586 -1.32624e+07
-4512142667054986794 -9.25317e+06
-4511544572836521359 -1.03672e+07
-4526184038411162354 -1.04084e+06
4705957118235844997 4.05251e+06
4712343168440681771 1.13278e+07
-4511264349613082108 -1.08892e+07
4703946529572795883 3.11626e+06
-4510820558356147034 -1.17158e+07
-4519892603774189074 -2.89875e+06
-4541944532002940682 -97368.2
-4523190716166076280 -1.73005e+06
-4515555541265783750 -5.6424e+06
-4514116994570764283 -6.98215e+06
4712301717981069895 1.12506e+07
4700503475464974242 1.80506e+06
-4512580376770591991 -8.43787e+06
-4510295616279525646 -1.26936e+07
-4522635154474806171 -1.8594e+06
4710859223017843777 8.56372e+06
4709180385793162122 6.91263e+06
-4517703640546702922 -3.91807e+06
4713555162063365115 1.35853e+07
-4510309531739716784 -1.26677e+07
4693765659291972250 642432
-4512853820153291808 -8.15858e+06
4706497394687877977 4.4139e+06
4707610404699544645 5.45047e+06
-4516564360281407897 -4.70287e+06
4711964157302274281 1.06218e+07
4705849712185550127 4.0025e+06
-4516970546530295005 -4.32458e+06
-4510521928211880299 -1.2272e+07
4709570525634471194 7.27597e+06
4710643504404033185 8.27526e+06
4707578939410336512 5.42116e+06
4707087070225073185 4.96307e+06
4712181566213652736 1.10268e+07
-4516134442341776035 -5.10326e+06
4709153905518577188 6.88796e+06
-4515694855163582882 -5.51266e+06
4710792830216012115 8.44005e+06
-4512556274360204377 -8.48277e+06
4702592242831817121 2.48562e+06
-4510569844668631976 -1.21828e+07
-4511273096195893496 -1.08729e+07
-4512090681548607156 -9.35e+06
-4514119334820780195 -6.97997e+06
-4511781571766024110 -9.92576e+06
4702475539347038059 2.43128e+06
-4510637407602291936 -1.20569e+07
4711967229061159205 1.06275e+07
4712786681905122069 1.21539e+07
-4510607673520276274 -1.21123e+07
4712489620084660615 1.16006e+07
-4527871844117236078 -844358
-4514494885761413613 -6.63022e+06
4702352074530706992 2.37378e+06
-4512260026281465106 -9.03457e+06
4702209942086008236 2.3076e+06
-4529583656005504218 -645077
4710883321383769092 8.60861e+06
4712502039148364172 1.16237e+07
4694462643266739895 723571
4702073141620327332 2.2439e+06
4708477790409999979 6.25828e+06
-4513565312125848453 -7.49595e+06
-4514705879193919118 -6.43371e+06
4705080650490919472 3.64438e+06
4697193402336308336 1.04147e+06
-4510031014638255280 -1.31864e+07
4712581870566235921 1.17724e+07
-4517185909350779331 -4.15915e+06
-4512993469939251579 -8.02852e+06
4693550128763927794 617341
-4520316725160445741 -2.70125e+06
-4515965380912248508 -5.26071e+06
4707027957237127255 4.90802e+06
4705757271054978836 3.95945e+06
-4523982093662270962 -1.54579e+06
-4514847965055687866 -6.30139e+06
4707709974600726704 5.5432e+06
-4516718908843422839 -4.55893e+06
-4513251536575170453 -7.78818e+06
4709351040208848506 7.07156e+06
-4514528356721982520 -6.59904e+06
4707135470175808530 5.00815e+06
-4510024085267138187 -1.31993e+07
4711316477362202960 9.41542e+06
4711423225767923406 9.61426e+06
4703157720289699490 2.74894e+06
-4516384542219049195 -4.87034e+06
4706678091783084628 4.58218e+06
4694534735909509327 731964
4711358618763294728 9.49392e+06
-4514296900751930560 -6.8146e+06
-4514473174705858099 -6.65044e+06
-4510859791993456674 -1.16427e+07
4690484400604162870 392366
4711971030344193870 1.06346e+07
4703781564044579394 3.03944e+06
4695519588914748394 846616
4710968004765049014 8.76634e+06
4712983755273706165 1.2521e+07
4708693073209613406 6.45878e+06
-4517043107716860327 -4.257e+06
-4517912161701028660 -3.82097e+06
-4510430349342938084 -1.24426e+07
-4510136654759000919 -1.29897e+07
-4509861489684702954 -1.35022e+07
-4533654574554794663 -347724
-4515546993141258959 -5.65036e+06
4707858672537701865 5.68168e+06
4710950654812949572 8.73403e+06
4686185582210692736 202143
-4527501782446327970 -887439
-4510933350347998893 -1.15057e+07
-4512584394831349563 -8.43039e+06
-4531964565387467000 -446095
4712462686993986480 1.15504e+07
-4510422724453892192 -1.24568e+07
-4511023472357971134 -1.13378e+07
-4514140123916260602 -6.96061e+06
4707949259272078949 5.76605e+06
4703771618868656117 3.03481e+06
-4511147197888662749 -1.11074e+07
4713021957723177286 1.25921e+07
4711643772438628031 1.00251e+07
-4512219849172724392 -9.10941e+06
-4529488204076257141 -656189
4709294603045343435 7.019e+06
4709887004236391895 7.57071e+06
-4509889375467909389 -1.34503e+07
4701860029967191503 2.14466e+06
4708684722493042673 6.451e+06
4708897542713001436 6.64921e+06
4712450841711942651 1.15283e+07
-4511199130516937502 -1.10106e+07
4710183959980087544 7.84728e+06
4712800355754728196 1.21794e+07
-4511273479485425083 -1.08722e+07
-4515020038184176209 -6.14113e+06
-4513977912373594480 -7.11168e+06
4710798280152830050 8.45021e+06
-4511179191079095737 -1.10478e+07
4708985517584096906 6.73114e+06
-4515087913605406345 -6.07792e+06
-4512325400710879257 -8.9128e+06
4712672618021952051 1.19414e+07
4709399478599026538 7.11667e+06
-4511203191559484960 -1.10031e+07
4713308201759628870 1.31253e+07
4711318676056038438 9.41952e+06
-4516972225602799777 -4.32301e+06
4707395870500575135 5.25067e+06
-4525525879462437845 -1.18635e+06
-4522934481460147884 -1.78971e+06
4706269993656168154 4.20211e+06
-4516457942048402212 -4.80198e+06
4703141873336177860 2.74156e+06
-4511690843257215676 -1.00948e+07
-4510977394828879952 -1.14237e+07
-4518969931846437329 -3.3284e+06
-4511793078008909692 -9.90433e+06
4706441328523649750 4.36168e+06
-4511463573053289668 -1.05181e+07
4711837313770784788 1.03856e+07
4702084828711378680 2.24934e+06
-4513144299096427284 -7.88805e+06
4706688795230895566 4.59215e+06
4695016235407175921 788018
-4516116976634846703 -5.11953e+06
4712753294418708418 1.20917e+07
4709614596455509749 7.31702e+06
-4511575285644311463 -1.031e+07
-4510347589352423379 -1.25968e+07
4690743948522693368 407473
-4520217980670589560 -2.74724e+06
-4513164872068937534 -7.86889e+06
-4525073084161633558 -1.29178e+06
-4512132963312319659 -9.27125e+06
-4515996973755476708 -5.23129e+06
-4522859529075618307 -1.80716e+06
-4509866743222977319 -1.34924e+07
4706029848716918186 4.08638e+06
-4511635858471716446 -1.01972e+07
-4526207773634843827 -1.03808e+06
-4511020157092446360 -1.1344e+07
4709967429167170299 7.64562e+06
4710133866825100576 7.80062e+06
4707167774721635065 5.03824e+06
4712270022246175202 1.11915e+07
4711639792646804616 1.00176e+07
-4510705099167585864 -1.19309e+07
-4510478204109704117 -1.23535e+07
4694592096506283201 738642
-4512381531504660159 -8.80825e+06
4712528377164273531 1.16728e+07
-4511391300326232673 -1.06527e+07
-4519555735094026225 -3.05562e+06
4702889903935193836 2.62423e+06
4705363305616118922 3.776e+06
4707626587609430328 5.46554e+06
4697368983136773708 1.07525e+06
-4520646548564614099 -2.54767e+06
4710984043847580662 8.79622e+06
4701805291600617789 2.11917e+06
4712435887404669888 1.15005e+07
-4513462498865998296 -7.5917e+06
4710230868376777516 7.89096e+06
-4518747520057962216 -3.43197e+06
-4519197861891087612 -3.22227e+06
-4511215043348134240 -1.0981e+07
4710772157775646628 8.40155e+06
-4519516271918135399 -3.07399e+06
4709001534923380988 6.74606e+06
4712620875531147700 1.18451e+07
4711377242045804311 9.52861e+06
4711116388952690889 9.04273e+06
4708039387938704146 5.84999e+06
4705175506677008337 3.68855e+06
4691307602248635308 440282
4704557669678417672 3.40084e+06
4679236419040892234 65509.9
4701871743875824227 2.15011e+06
4706791766940911166 4.68805e+06
-4510218866319063928 -1.28365e+07
4709255458829526526 6.98254e+06
4703095847355225042 2.72013e+06
-4511823025929081229 -9.84855e+06
-4511895392033428820 -9.71376e+06
-4512705919104975862 -8.29632e+06
4709884228548516014 7.56813e+06
4711304150236698019 9.39246e+06
4708651018126759150 6.41961e+06
-4512482480260570532 -8.62022e+06
4706641385648256995 4.548e+06
-4516135902072109630 -5.1019e+06
-4511333471526679984 -1.07604e+07
4711950819975120518 1.0597e+07
-4511284507506450702 -1.08516e+07
-4530385695931978191 -551707
-4514885991731327035 -6.26597e+06
-4512817993665142828 -8.19194e+06
-4515396158036745776 -5.79084e+06
4706375871104324565 4.30072e+06
4712808642005434440 1.21948e+07
-4513468116808279623 -7.58647e+06
4685721675046409123 188641
4709915059409590972 7.59684e+06
4712652630091484756 1.19042e+07
-4511868690513797532 -9.76349e+06
-4515597252589803688 -5.60356e+06
4699899199950869357 1.66436e+06
4705721291873032332 3.9427e+06
4711730842632392852 1.01872e+07
-4513788307817369549 -7.28827e+06
4706854902443297435 4.74685e+06
4704833093004933037 3.5291e+06
4711132396116025985 9.07255e+06
4710845941549283981 8.53898e+06
4709763854437977573 7.45602e+06
-4510203872835751637 -1.28645e+07
4702551028110476527 2.46643e+06
4704143114666337164 3.2078e+06
4709484482365831679 7.19584e+06
4709796998458673423 7.48689e+06
-4515295181126467163 -5.88488e+06
-4510911314500977782 -1.15467e+07
4711827435154570731 1.03672e+07
-4512316927705591820 -8.92859e+06
-4512408681298033450 -8.75768e+06
-4517902999336580478 -3.82523e+06
-4523947384455126757 -1.55387e+06
-4519011723404950479 -3.30894e+06
4705897191663044734 4.02461e+06
-4511261840696029716 -1.08938e+07
-4516508566548886311 -4.75483e+06
4711672636681615606 1.00788e+07
4703558315154713689 2.93548e+06
-4511312935261245769 -1.07987e+07
4710715531025900356 8.34234e+06
4709073062473605320 6.81267e+06
-4520187257134402836 -2.76154e+06
-4518313717579391351 -3.63398e+06
-4519921466857718651 -2.88531e+06
-4514940734667529314 -6.21499e+06
4703092209439821786 2.71844e+06
-4510786546781237382 -1.17791e+07
4712142920946712528 1.09548e+07
-4522676821084669570 -1.8497e+06
4711845347614305990 1.04005e+07
4706879904040641077 4.77013e+06
-4526010678040959678 -1.07348e+06
-4528478515426215138 -773732
-4515533699518851244 -5.66275e+06
-4513541289411147102 -7.51832e+06
-4514175653610444379 -6.92752e+06
4701740411607206236 2.09305e+06
-4515789636994312599 -5.42438e+06
-4511633779127030640 -1.02011e+07
4709064984925338069 6.80515e+06
-4530474362985855640 -541385
-4533003844169404486 -385601
-4512606397606536469 -8.38941e+06
4711517766751946320 9.79035e+06
-4511740817656422650 -1.00017e+07
-4515555368547464632 -5.64256e+06
-4512490567193627196 -8.60516e+06
-4509828558199477820 -1.35635e+07
4712131543424125349 1.09336e+07
-4515425896865718873 -5.76314e+06
4710781788110982035 8.41949e+06
4706071103460020609 4.10559e+06
4707251268846850123 5.116e+06
-4512356341236219464 -8.85517e+06
-4510442274075135896 -1.24204e+07
4712994879468362249 1.25417e+07
4709815311074643916 7.50395e+06
-4511441680140157903 -1.05589e+07
4711552904269694000 9.8558e+06
-4513038653880886813 -7.98644e+06
4713499887038248520 1.34823e+07
4696710486608443945 985255
4706676573288691742 4.58077e+06
-4527118369712099033 -932074
4711073687622052258 8.96319e+06
4712007809061091951 1.07031e+07
4707965402896799644 5.78108e+06
-4520567591357609111 -2.58444e+06
-4512635462825734952 -8.36194e+06
4711211944973984498 9.22072e+06
-4512053119147230313 -9.41997e+06
4706844711271309793 4.73736e+06
-4516454087287072642 -4.80557e+06
-4517165424647124162 -4.16869e+06
4695866744169830790 887030
-4525610886284755820 -1.16656e+06
4705478037967744763 3.82942e+06
4708117305452905208 5.92255e+06
-4525942226150855410 -1.08941e+06
4697571243190648279 1.12234e+06
-4509872723441319168 -1.34813e+07
-4514838060078855290 -6.31061e+06
-4512593867671367283 -8.41275e+06
4707422434297057713 5.27541e+06
-4524070966090260922 -1.5251e+06
-4513891175435338619 -7.19246e+06
4706223191283872996 4.17641e+06
-4513387190132284650 -7.66184e+06
-4517290082313839870 -4.11065e+06
4690470111934904349 391534
-4521998678493280606 -2.00759e+06
-4517030236082599848 -4.26899e+06
-4510526298475054526 -1.22639e+07
-4511168603536162194 -1.10675e+07
4710792597799246964 8.43962e+06
4711812845380891409 1.034e+07
4713389271881038774 1.32763e+07
4693229574039685372 580023
-4515294907276129566 -5.88514e+06
-4512425520467964310 -8.72632e+06
-4517871411308513126 -3.83994e+06
-4523472578222007554 -1.66442e+06
4711443340502173242 9.65172e+06
4707121536355259033 4.99517e+06
4710141319889292038 7.80756e+06
-4519456285981085821 -3.10193e+06
-4511842611050200583 -9.81207e+06
-4522015429742193787 -2.00369e+06
-4511301453066883059 -1.08201e+07
4703136793191436386 2.7392e+06
4713111725648318716 1.27593e+07
-4511387035791986854 -1.06606e+07
4711667508699001352 1.00693e+07
-4512120697181125565 -9.29409e+06
4710622224448600675 8.25544e+06
-4516141686239745306 -5.09651e+06
-4520006150477710515 -2.84588e+06
-4525429354557122067 -1.20883e+06
4695826377571552097 882331
4708935072949649448 6.68416e+06
4713146115424785462 1.28234e+07
4712980775650809748 1.25154e+07
-4511083776798131776 -1.12255e+07
-4510087517754459210 -1.30812e+07
-4510564483041591167 -1.21928e+07
4712089233881163368 1.08548e+07
4712113222425955589 1.08995e+07
-4510368858784069504 -1.25571e+07
-4521380566937228606 -2.20586e+06
-4512479193231258093 -8.62634e+06
-4513407650446399892 -7.64278e+06
4709912945676745123 7.59487e+06
4704448297951242493 3.34991e+06
-4510865682892610907 -1.16317e+07
-4526108781118653357 -1.05064e+06
-4520784987794583616 -2.4832e+06
-4525926883493357928 -1.09299e+06
4703220070675335359 2.77798e+06
4711176012286303571 9.15379e+06
4700170968884037278 1.72764e+06
-4512891475393152298 -8.12351e+06
4710640473348944205 8.27244e+06
4706812840417335898 4.70768e+06
-4510831763562815220 -1.16949e+07
4713036398254151702 1.2619e+07
-4529304599401417564 -677563
-4519351437613282516 -3.15075e+06
-4517812158940075586 -3.86753e+06
4712572148231318828 1.17543e+07
4712367047014293394 1.13723e+07
-4511299305055002620 -1.08241e+07
4712133367510723514 1.0937e+07
4711762926519722368 1.0247e+07
-4512595941136919022 -8.40888e+06
4712433744555787694 1.14965e+07
4712540268851918502 1.16949e+07
-4511100278872701613 -1.11948e+07
4710962070836362508 8.75529e+06
4713121986919772634 1.27784e+07
4687487918167648592 240046
-4509856367922239823 -1.35117e+07
-4512544329310210299 -8.50502e+06
-4515380136537053596 -5.80576e+06
4704725206802621662 3.47886e+06
-4514638916347974674 -6.49608e+06
4709042581700641262 6.78429e+06
-4510321680145002398 -1.2645e+07
4708255887118879166 6.05162e+06
-4517359284141374924 -4.07842e+06
4711710551715090594 1.01494e+07
-4515320370228629524 -5.86142e+06
4698930211331943902 1.43875e+06
4706891784488363842 4.7812e+06
4712965483040975582 1.24869e+07
4704522602539770256 3.38452e+06
4705327966836924436 3.75954e+06
-4522755807619141477 -1.83131e+06
-4509912641540784614 -1.34069e+07
4713526918369116489 1.35327e+07
-4518133925120593300 -3.7177e+06
4712492547838862636 1.1606e+07
-4511241327278738332 -1.0932e+07
-4514719118417285872 -6.42138e+06
4710575946196869639 8.21234e+06
-4515493428773646972 -5.70025e+06
-4512511820931668349 -8.56557e+06
4708486691609945089 6.26657e+06
-4519128983920631420 -3.25434e+06
-4509888995622650080 -1.3451e+07
4707560873158728805 5.40434e+06
4711966609262657784 1.06264e+07
-4509958222835494872 -1.3322e+07
4711920230288128738 1.054e+07
-4512375194698422301 -8.82006e+06
4705409535279739654 3.79753e+06
-4511958205636174136 -9.59676e+06
4712491949954117309 1.16049e+07
4706904651798528038 4.79318e+06
4711681613594167752 1.00955e+07
-4515048962814464268 -6.11419e+06
4698342619572656235 1.30194e+06
-4512060315875720236 -9.40656e+06
4711074789557289461 8.96524e+06
-4513499180270268943 -7.55754e+06
-4511440902771315042 -1.05603e+07
-4525076754814674301 -1.29092e+06
4711545862206080192 9.84269e+06
4698115490699839409 1.24906e+06
-4526080761411228226 -1.05716e+06
4711487884429815904 9.73469e+06
4712259555914344461 1.1172e+07
-4519478000419530540 -3.09182e+06
4712942070992338862 1.24433e+07
-4512337632290225117 -8.89002e+06
-4512536202055296795 -8.52016e+06
-4514207778467563143 -6.89761e+06
-4517925170546912266 -3.81491e+06
4712375012258823374 1.13871e+07
4704746417108730410 3.48874e+06
-4518332590172651095 -3.62519e+06
4704020600196341049 3.15075e+06
4691894478308604728 474443
-4519016918649769091 -3.30652e+06
4677114440457160697 50070.4
4707443548068057918 5.29507e+06
-4510050744978078266 -1.31497e+07
4706046196447167948 4.09399e+06
4704253700768893638 3.2593e+06
4707431860322253822 5.28418e+06
4692961831672240440 548854
4712052186961170156 1.07858e+07
-4514039256104158922 -7.05455e+06
4706893688754892493 4.78297e+06
4708318950516618863 6.11035e+06
-4526780470369263940 -971411
4710201212865091830 7.86334e+06
-4512374551690299968 -8.82125e+06
-4516492913702273622 -4.76941e+06
-4516751826428792721 -4.52828e+06
4705333823409301697 3.76227e+06
-4512452858455010776 -8.6754e+06
-4514101145966720093 -6.99691e+06
-4510147087452909138 -1.29702e+07
-4511810033301968862 -9.87275e+06
-4521293832004153039 -2.24625e+06
-4513185470958744128 -7.8497e+06
-4519396701052814119 -3.12967e+06
4709896457815766226 7.57952e+06
-4511686264912253501 -1.01033e+07
-4509979911036087212 -1.32816e+07
-4511910105296204886 -9.68635e+06
4708939353791330940 6.68815e+06
4695406970132280208 833506
4693811818051326448 647805
-4514202560320038972 -6.90247e+06
-4513547961641762400 -7.51211e+06
4697641948794280034 1.13881e+06
4712077109640346425 1.08322e+07
4711301686374819222 9.38787e+06
-4513864088423205552 -7.21769e+06
-4521265134382099602 -2.25962e+06
4708772744151678385 6.53298e+06
-4529699735483631370 -631564
-4511141856818130147 -1.11173e+07
-4526557637820302992 -997352
4712724305909105208 1.20377e+07
4711837927656050439 1.03867e+07
4705462258535600448 3.82208e+06
-4514771733243363168 -6.37238e+06
-4513257889450132045 -7.78226e+06
-4515111084418576816 -6.05634e+06
-4524577796498622930 -1.4071e+06
-4525731444108003304 -1.13849e+06
-4515830977891964346 -5.38588e+06
4702324267372393264 2.36084e+06
4711767725134422116 1.02559e+07
4690703103300154546 405096
4713172129031168329 1.28718e+07
4706262115793848905 4.19477e+06
4705720844485934678 3.94249e+06
4713364899351040168 1.32309e+07
4710508044953827932 8.1491e+06
-4519653602106072239 -3.01005e+06
4691023231343855044 423730
-4516413064517413195 -4.84377e+06
4705260598971841522 3.72817e+06
4708793493989275170 6.5523e+06
4711595807598376281 9.93572e+06
4696147378509793497 919700
4702192538321417170 2.29949e+06
-4511246368977216779 -1.09227e+07
4712865533765137754 1.23008e+07
-4516451251457428555 -4.80821e+06
4701712093168839026 2.08646e+06
-4510422494437887126 -1.24572e+07
4710170909270949998 7.83512e+06
4692049850917877296 483487
4712473281377722191 1.15701e+07
-4522102228349974271 -1.98348e+06
