4744038006002702224 1.4904e+09
-4486829264376620444 -4.62721e+08
4742988963199993286 1.24029e+09
4743270861793991475 1.3075e+09
4745351129145162280 1.80347e+09
-4480027514156046797 -1.32506e+09
-4484033023828480628 -7.21908e+08
4742715722897131226 1.17514e+09
-4481921724179138920 -9.73595e+08
4732209908266688102 2.36449e+08
-4496954096223058844 -9.90261e+07
4738019403282656817 5.64598e+08
-4485119460155329410 -5.92395e+08
4723148858562580720 5.87109e+07
4746096859812329362 1.98127e+09
4745434696642405624 1.8234e+09
4738270812802603104 5.94569e+08
4741269188248202870 9.52003e+08
-4478999413796591062 -1.57018e+09
4736642133957385679 4.68643e+08
-4476696898239092981 -2.11914e+09
-4480860585299645556 -1.12644e+09
-4478919093869813304 -1.58933e+09
4743376278231821509 1.33263e+09
-4479276456129203551 -1.50413e+09
-4487311551420479840 -4.33974e+08
-4478782357665879060 -1.62193e+09
-4478396804604122295 -1.71385e+09
4746874459008468269 2.18585e+09
-4480407993517880781 -1.23435e+09
4722873360316545551 5.66583e+07
4744018243226191728 1.48569e+09
4737058965832083126 4.93488e+08
-4482592692202209851 -8.93609e+08
4738338455329345620 6.02632e+08
4726913127460017588 1.06405e+08
-4505060119077783612 -2.81137e+07
4746474394696469471 2.07128e+09
-4482463516939725688 -9.09008e+08
4742773204076335629 1.18885e+09
4727635746218758967 1.17173e+08
4742746672065343149 1.18252e+09
-4487258940073851563 -4.3711e+08
4744981447915764780 1.71534e+09
-4482125328573286773 -9.49323e+08
-4484666457019316747 -6.46397e+08
4743441471021783018 1.34818e+09
4745486725796944418 1.8358e+09
-4477679167516203464 -1.88495e+09
4746043521499985654 1.96855e+09
4727415346526651876 1.13889e+08
-4477978702436908020 -1.81354e+09
-4479929433263243827 -1.34845e+09
4739282036599537562 7.15116e+08
4744957617358897970 1.70965e+09
-4484535422914474388 -6.62018e+08
-4477576558252585900 -1.90942e+09
-4476765301479832781 -2.10283e+09
-4492877935733355969 -1.85314e+08
-4477556795476075405 -1.91413e+09
-4480775931679325136 -1.14663e+09
4746435054237029826 2.0619e+09
4745177675392435574 1.76212e+09
4744235215627964084 1.53742e+09
-4481513453603494734 -1.02226e+09
4730121011743398202 1.74195e+08
-4485502502401391403 -5.46733e+08
4742569068788513535 1.14018e+09
4722639897232707966 5.49189e+07
4739447301815990544 7.34817e+08
4728922339789250215 1.38471e+08
-4477119168344787078 -2.01847e+09
-4490008609096549100 -2.73217e+08
4745722092860611512 1.89192e+09
4745703252942163432 1.88743e+09
4741403530044055520 9.68018e+08
-4482161295650651270 -9.45036e+08
4742049693216872114 1.04505e+09
4738427634548055859 6.13263e+08
-4484724904063395080 -6.3943e+08
4740187389144068660 8.23042e+08
-4479447259965812094 -1.46341e+09
-4490291042991324530 -2.62409e+08
4744770968327455877 1.66515e+09
4743836118757758594 1.44227e+09
-4483853469928341711 -7.43313e+08
-4480604820856570582 -1.18742e+09
4745015313700512936 1.72341e+09
-4484589346251230421 -6.55589e+08
4740143600440313226 8.17822e+08
4746174745858199918 1.99984e+09
4735294917742686934 3.88343e+08
4739064361824484377 6.89167e+08
4744377747705691243 1.5714e+09
-4490210982414616445 -2.64795e+08
4745577562822989036 1.85746e+09
-4487127226108844392 -4.44961e+08
4743570879835384063 1.37903e+09
4740053508529098086 8.07083e+08
4745338719515153438 1.80052e+09
-4498451675614327004 -7.67105e+07
-4480363304725884944 -1.245e+09
4746060524541552091 1.97261e+09
4745506971805382212 1.84063e+09
-4479110724041552205 -1.54364e+09
4744789103947328142 1.66948e+09
4738468126564931443 6.1809e+08
-4489590805367171107 -2.9812e+08
4737570300049518005 5.23966e+08
-4482042441766224304 -9.59204e+08
4743042305636746692 1.25301e+09
-4483012623818945563 -8.43549e+08
-4491309654102328962 -2.32052e+08
-4480552237858841337 -1.19996e+09
-4479843421308806168 -1.36895e+09
-4481865125503814067 -9.80342e+08
4732573571263557318 2.47287e+08
-4488455028059652246 -3.65818e+08
-4479514017524297482 -1.44749e+09
4745262127686798714 1.78226e+09
-4478293209332766834 -1.73855e+09
-4478714089846110015 -1.63821e+09
-4507248835762580872 -1.99601e+07
4742573230745743607 1.14117e+09
4746694474233412832 2.12375e+09
4745780324271651616 1.9058e+09
4740061832426444497 8.08075e+08
-4486006428862718722 -5.11765e+08
4742376530562091429 1.09428e+09
-4485262021608779592 -5.754e+08
-4482523920819398477 -9.01807e+08
-4480665338893400632 -1.17299e+09
4734989760609797030 3.70154e+08
-4480888626023128840 -1.11976e+09
-4479197637153838594 -1.52292e+09
4741815005765220704 1.01707e+09
-4478703056425512732 -1.64084e+09
4743179540928482034 1.28573e+09
-4479412856322100287 -1.47161e+09
4742289940253002247 1.07369e+09
-4477766902892028564 -1.86403e+09
4746057798640458554 1.97196e+09
-4477362626918417558 -1.96042e+09
4726112295380928936 9.44717e+07
-4479635362954355641 -1.41856e+09
-4480808684917392169 -1.13882e+09
4743259064912642733 1.30469e+09
4741833598176302482 1.01929e+09
4739037151536347406 6.85923e+08
4746375719127108654 2.04776e+09
4738408506477125148 6.10983e+08
4742559625601675121 1.13793e+09
-4478115135428274421 -1.78101e+09
-4478876293757969482 -1.59953e+09
4725714406423682796 8.85427e+07
-4477834936116743004 -1.84781e+09
-4477681944484676847 -1.88429e+09
-4480158050148570847 -1.29394e+09
-4493424611692344483 -1.69021e+08
4743661111728379852 1.40054e+09
4734168742334768118 3.21217e+08
4742483292695546739 1.11973e+09
-4477351777085393101 -1.96301e+09
-4479297184676462445 -1.49919e+09
4746884281324394969 2.19053e+09
-4480152050920843269 -1.29537e+09
4744952528051250518 1.70844e+09
-4478702938289412504 -1.64087e+09
4746864117893998264 2.18092e+09
-4477390710828406555 -1.95373e+09
4744595748908091346 1.62338e+09
-4477726457886578060 -1.87368e+09
-4476525932765096942 -2.17233e+09
4745561012508120481 1.85351e+09
4735680958485941620 4.11353e+08
-4479711835568444942 -1.40033e+09
-4479395023880568398 -1.47586e+09
-4486631343333469762 -4.74518e+08
4745376475148773903 1.80952e+09
4743661440149476687 1.40062e+09
-4484910377261570699 -6.17319e+08
4731991614385222940 2.29943e+08
4734617945588803868 3.47992e+08
-4492124399714958218 -2.07771e+08
4740169970581060304 8.20966e+08
-4478228322330990011 -1.75402e+09
4728804963538774577 1.34973e+08
4742514770267384720 1.12723e+09
-4482896389088701347 -8.57406e+08
4746812936540966537 2.15651e+09
4734437210601482379 3.37219e+08
4744725737235482630 1.65437e+09
4742340484984032780 1.08568e+09
4738020836831631437 5.64769e+08
-4477048248375557691 -2.03537e+09
4742340366839375684 1.08565e+09
4743910309828836710 1.45996e+09
4745603413108419784 1.86362e+09
4744645941810399760 1.63534e+09
4743869864823386204 1.45031e+09
4746596760626994778 2.10046e+09
4742243626725961424 1.06817e+09
4745198959391575838 1.76719e+09
4746673233232527216 2.11869e+09
4739416304669427618 7.31122e+08
-4510662206522917246 -1.20107e+07
-4479410395256027908 -1.4722e+09
4743851016707459927 1.44582e+09
4744934025632734732 1.70403e+09
-4477812196868414428 -1.85324e+09
4738785159002852441 6.55884e+08
-4480955355335397593 -1.10385e+09
4738041776784836462 5.67266e+08
-4480607922840507895 -1.18668e+09
4740656285410481544 8.78939e+08
-4483358428019133771 -8.02326e+08
-4483796134472575444 -7.50148e+08
-4480650021135267216 -1.17665e+09
-4477760125357385981 -1.86565e+09
4738173806053263977 5.83005e+08
-4480507213423753257 -1.21069e+09
4738837533375617199 6.62127e+08
4721552410944100341 4.68165e+07
4746450335089397612 2.06555e+09
-4482005050860485642 -9.63661e+08
4731053989840802189 2.02e+08
4741341649146525800 9.60641e+08
-4478478976330957040 -1.69426e+09
-4495215421981318181 -1.24934e+08
4735581563395339322 4.05428e+08
4745951477844511686 1.94661e+09
-4491880621704940835 -2.15036e+08
-4484074493073748986 -7.16965e+08
4744175763691143274 1.52325e+09
-4489778963846994533 -2.86905e+08
-4476517386680152489 -2.1764e+09
-4484390255364619883 -6.79323e+08
4736018272255045726 4.31458e+08
4743910397151660324 1.45998e+09
-4480695294386922185 -1.16585e+09
4739732207224455766 7.68781e+08
-4498586810169642346 -7.46968e+07
-4498288548057173397 -7.91412e+07
-4482920664662529232 -8.54512e+08
4741077725277637262 9.29179e+08
-4479751959374794020 -1.39076e+09
4737733942353538589 5.3372e+08
-4477148274757550008 -2.01153e+09
-4488269981438390187 -3.76847e+08
4740485899251645304 8.58628e+08
4739675628931587146 7.62036e+08
4738341685238438552 6.03017e+08
-4484470113280499505 -6.69803e+08
-4479789936134961070 -1.38171e+09
4736799208660928752 4.78005e+08
4737956446615858602 5.57093e+08
4741762849181824557 1.01085e+09
-4483781338144221810 -7.51911e+08
4742119672640995831 1.05339e+09
-4480113170880724575 -1.30464e+09
4745521417028385663 1.84407e+09
4740073281240130702 8.0944e+08
4738910971981517427 6.70882e+08
-4481167980040631810 -1.06345e+09
4729045021844655056 1.42128e+08
-4478007879058761371 -1.80658e+09
-4481286740929032606 -1.04929e+09
4744721513566130664 1.65336e+09
4740123571605149652 8.15435e+08
-4478119908688054137 -1.77987e+09
-4478442134408108600 -1.70305e+09
-4485002459482842419 -6.06342e+08
4734416585917470230 3.3599e+08
4735630923269570844 4.0837e+08
4739404406620245105 7.29704e+08
-4482326102886490282 -9.25389e+08
4742854232691361765 1.20817e+09
-4482311462447132300 -9.27134e+08
-4483827925781927180 -7.46358e+08
-4479884176338090325 -1.35924e+09
4746687335958388281 2.12205e+09
-4476520575922736920 -2.17488e+09
4743802859458044187 1.43434e+09
-4483895438107387566 -7.3831e+08
-4479855695055773461 -1.36603e+09
-4489924771690062708 -2.78214e+08
4746214597470622563 2.00934e+09
4745484960147420324 1.83538e+09
4742654014257882957 1.16043e+09
4740599520509466192 8.72172e+08
-4478623457483200650 -1.65982e+09
4740111107861516452 8.13949e+08
-4486053735944653780 -5.08946e+08
4742826783974693949 1.20162e+09
4745928199068630478 1.94106e+09
4745436127085237671 1.82374e+09
4744437299715066896 1.5856e+09
-4480137710605024290 -1.29879e+09
4743182967106424084 1.28654e+09
4731338471427664894 2.10478e+08
-4482638882715736483 -8.88103e+08
4745227738196144260 1.77406e+09
4745314296823118161 1.79469e+09
4744658944944675726 1.63845e+09
-4512882708732941062 -8.13167e+06
4734380498359424061 3.33839e+08
-4479388137468355244 -1.4775e+09
-4481779733366008314 -9.90521e+08
4744486212929418960 1.59726e+09
-4503667485616478844 -3.33016e+07
-4493754151411235924 -1.592e+08
4744198875342862991 1.52876e+09
-4507876056548471904 -1.76235e+07
-4482409731231611991 -9.1542e+08
-4479712735476991150 -1.40011e+09
4740052035293376191 8.06907e+08
4741646013999137541 9.96924e+08
-4478952659402669462 -1.58133e+09
4736358409002894896 4.51732e+08
-4503694412501194142 -3.32013e+07
4744000260149580277 1.4814e+09
4741524796827952794 9.82474e+08
-4479672056595262834 -1.40981e+09
-4480476142431431603 -1.2181e+09
-4514677618975772829 -6.46003e+06
-4478625582118949060 -1.65931e+09
-4478937595971725024 -1.58492e+09
-4484959890149690703 -6.11417e+08
-4483650229577526332 -7.67541e+08
4745723199768317550 1.89218e+09
4745293012156542302 1.78962e+09
4737753981542510742 5.34914e+08
4743976264419517560 1.47568e+09
4743632635434716213 1.39375e+09
-4507990161063890695 -1.71984e+07
-4484023796822319904 -7.23008e+08
-4486825165329473588 -4.62965e+08
4739120485867532862 6.95858e+08
4736782817332641560 4.77028e+08
-4481228275864193220 -1.05626e+09
-4479176324857140495 -1.528e+09
-4477730430925307417 -1.87273e+09
-4478379154346837110 -1.71806e+09
4738693294896110263 6.44933e+08
-4485075866445449976 -5.97592e+08
-4482307423777236148 -9.27616e+08
-4483892010842723458 -7.38718e+08
-4478072285104737412 -1.79123e+09
-4489250803064809898 -3.18386e+08
4745770964779525381 1.90357e+09
4734922270035891534 3.66131e+08
-4481469189172184011 -1.02754e+09
4739117379297115055 6.95487e+08
4742597166594853885 1.14688e+09
-4500709929556040182 -5.50844e+07
-4479287353444280752 -1.50153e+09
4744825385395414521 1.67813e+09
4737901592600064084 5.50554e+08
4724980744789006562 7.76102e+07
-4480216641256055195 -1.27997e+09
4732737755833327854 2.5218e+08
-4489167866422556369 -3.23329e+08
4743849679132301051 1.4455e+09
-4486829664974887017 -4.62697e+08
-4480887050327486320 -1.12013e+09
-4483694568864306040 -7.62255e+08
4741712526232257611 1.00485e+09
4738378950991446377 6.0746e+08
4746696182483475798 2.12416e+09
-4484144019548696288 -7.08676e+08
4745092268536819278 1.74176e+09
-4478897833795672042 -1.5944e+09
-4488035080664054530 -3.90848e+08
-4476537389476771014 -2.16686e+09
4742992321735904893 1.24109e+09
4742828855660551861 1.20212e+09
-4482506195834997304 -9.0392e+08
-4478504468229144131 -1.68818e+09
4744503777446900848 1.60145e+09
4741405494272782714 9.68252e+08
-4477300759463725262 -1.97517e+09
-4491614181552519772 -2.22976e+08
4746725996840039710 2.13127e+09
4740924171604902460 9.10874e+08
-4480272491137097934 -1.26666e+09
-4495924151371110196 -1.14374e+08
4744497279738909701 1.5999e+09
-4478123202987568205 -1.77909e+09
-4478226838176706338 -1.75438e+09
-4485984936717798500 -5.13046e+08
-4482803332616826430 -8.68499e+08
4739057594763446511 6.8836e+08
4743466660263598597 1.35418e+09
-4478817486512591776 -1.61356e+09
-4477343865731699034 -1.96489e+09
-4477379037054697534 -1.95651e+09
-4492879974868893354 -1.85253e+08
4742947969340005558 1.23052e+09
4740342298464064592 8.41509e+08
-4490652046377145729 -2.5165e+08
-4478586120186231214 -1.66872e+09
4735368168936094970 3.92709e+08
4734559499965165381 3.44508e+08
4728563129699872363 1.30992e+08
4735765713051617282 4.16404e+08
-4485014070500491824 -6.04958e+08
-4482896032746548807 -8.57448e+08
4744929883287842900 1.70304e+09
-4496715242039445800 -1.02585e+08
-4479517934892052764 -1.44656e+09
4736845019557625702 4.80736e+08
4727342362615528849 1.12801e+08
4737520971972602750 5.21026e+08
4735850312738007541 4.21447e+08
-4480690966999790205 -1.16688e+09
4743847276620866788 1.44493e+09
-4477685322059616631 -1.88348e+09
-4478213573193755656 -1.75754e+09
4745573116298603434 1.8564e+09
-4479514796926491411 -1.4473e+09
-4498229019784545672 -8.00283e+07
-4480540923678894160 -1.20266e+09
4743791434800392384 1.43161e+09
-4482401475994563150 -9.16404e+08
-4484840464529665236 -6.25654e+08
4744737937213702994 1.65728e+09
-4484364823467181364 -6.82355e+08
4743573484947748727 1.37965e+09
4739132058396396317 6.97237e+08
-4477064905848066632 -2.0314e+09
-4481175455952498522 -1.06256e+09
4742899989885163957 1.21908e+09
4737912573524284797 5.51863e+08
4743962960074980533 1.47251e+09
-4483038301195772998 -8.40488e+08
-4480458571966927428 -1.22229e+09
-4480036136397103956 -1.32301e+09
4737044424840628726 4.92621e+08
-4478413781718382944 -1.70981e+09
4739700206374554815 7.64966e+08
4742973583592828112 1.23662e+09
4741348750575682790 9.61488e+08
-4480078984384616385 -1.31279e+09
-4487329431540872407 -4.32908e+08
-4483313991594804460 -8.07623e+08
-4489741864935771604 -2.89116e+08
-4480642082801772770 -1.17854e+09
-4486194589293507730 -5.0055e+08
4729104561754621346 1.43902e+08
-4479240525555431956 -1.5127e+09
4732419800331979638 2.42704e+08
-4476665269416081044 -2.12668e+09
-4485787856335449712 -5.24793e+08
-4485931368781939679 -5.16239e+08
-4482937288189948386 -8.5253e+08
4742008289602770552 1.04011e+09
-4481284826158994337 -1.04952e+09
4738783394132003205 6.55673e+08
4731966825279603145 2.29204e+08
4745497097395251673 1.83828e+09
4740118479208473355 8.14828e+08
4743479339289438493 1.35721e+09
4740554419849810472 8.66796e+08
-4483177733385995156 -8.23867e+08
4738644844034931000 6.39157e+08
-4476542867505754206 -2.16425e+09
4729121297958859850 1.44401e+08
4744106398906747176 1.50671e+09
4737485793188016581 5.18929e+08
4738527367378182721 6.25152e+08
4725215999338434776 8.11158e+07
-4487294252756286234 -4.35005e+08
-4485022798607102514 -6.03918e+08
4741326899230616586 9.58883e+08
4743334380561356407 1.32264e+09
4739818072676780427 7.79017e+08
-4479206567946948351 -1.52079e+09
-4477001789818184927 -2.04645e+09
-4477565335759464305 -1.91209e+09
4740108755784253912 8.13669e+08
-4479844952055228458 -1.36859e+09
4737523394147716448 5.2117e+08
4740644567996752881 8.77542e+08
4733765391906075637 2.97176e+08
-4476498037217412331 -2.18563e+09
-4476540151291033656 -2.16555e+09
-4482931070223040007 -8.53271e+08
-4481326189179320764 -1.04459e+09
4738993213463928665 6.80686e+08
4744357146424709234 1.56649e+09
-4479726333056789565 -1.39687e+09
-4484258373325639027 -6.95044e+08
4739433216734388402 7.33138e+08
4744751383473872520 1.66048e+09
4738917389186507640 6.71647e+08
-4483224741422556406 -8.18263e+08
4744861725560719483 1.68679e+09
-4479820114825790921 -1.37451e+09
-4479284910689902888 -1.50211e+09
4714402170989263020 1.5163e+07
4743831639007060001 1.4412e+09
4739738751858303328 7.69561e+08
4745213727833101234 1.77072e+09
-4479909179382488767 -1.35328e+09
-4486839434623299816 -4.62114e+08
4740856462077894496 9.02802e+08
4744566056213056700 1.6163e+09
4731243659223674273 2.07652e+08
4742065315077487498 1.04691e+09
4745734028662689447 1.89477e+09
-4480681093282765861 -1.16924e+09
4745625450086149928 1.86888e+09
4731838420871003174 2.25377e+08
4745751217773320021 1.89886e+09
-4506029055935277811 -2.45041e+07
4732003872952308894 2.30308e+08
4745856127439282750 1.92388e+09
4743293016736684518 1.31278e+09
4743559336861937832 1.37628e+09
4735725434511449540 4.14003e+08
4739060571628880450 6.88715e+08
4746841156928699312 2.16997e+09
4745795902398121826 1.90952e+09
-4483640469016505858 -7.68704e+08
4744665016537824110 1.63989e+09
4735332885791963784 3.90606e+08
4738346492913935716 6.03591e+08
4742552068562156210 1.13613e+09
4742847878772956901 1.20665e+09
4743205997639048466 1.29204e+09
-4481370814778856788 -1.03927e+09
4736451753704264239 4.57295e+08
-4494945160811459711 -1.28962e+08
-4479465276294407138 -1.45911e+09
4743216660307729863 1.29458e+09
4744495521011890684 1.59948e+09
4744641347825532106 1.63425e+09
4739325678330552336 7.20319e+08
-4488159643039552728 -3.83424e+08
4737010519283564625 4.906e+08
4735901969138323669 4.24526e+08
4738634275757045029 6.37897e+08
4729944042530383383 1.68921e+08
-4479123254879576385 -1.54065e+09
4734587920468058815 3.46202e+08
-4477003089828699446 -2.04614e+09
4740666957448931862 8.80211e+08
4725108918709847870 7.95202e+07
4743898743246995540 1.4572e+09
4724118021595172753 6.59318e+07
-4478467351579536748 -1.69703e+09
-4502111269663334241 -4.46436e+07
4721354279641623668 4.53403e+07
-4477288580432714325 -1.97808e+09
4743563245133743922 1.37721e+09
-4486114483810363743 -5.05325e+08
4738342281121514589 6.03088e+08
-4492057738643700570 -2.09757e+08
-4479043137801878158 -1.55976e+09
-4488203394538052199 -3.80816e+08
-4480936766826246982 -1.10828e+09
-4487739498664885963 -4.08466e+08
-4476718141165273584 -2.11408e+09
4741280207062228875 9.53317e+08
4734198331192226612 3.22981e+08
4743537438154615020 1.37106e+09
4734856995998481690 3.62241e+08
-4491266866962694904 -2.33327e+08
-4496943620838516641 -9.91822e+07
4746839915665352410 2.16937e+09
-4477476445848413690 -1.93328e+09
-4477761953009965432 -1.86521e+09
4738456576848674336 6.16714e+08
4735929955602715865 4.26194e+08
-4480487844571153392 -1.21531e+09
-4480436125483232582 -1.22764e+09
4738069834818860870 5.7061e+08
4745569163796353908 1.85546e+09
4742027796349275617 1.04244e+09
-4493635091169414122 -1.62749e+08
-4490076540588676577 -2.69168e+08
4744229090246352277 1.53596e+09
4746104807806526194 1.98317e+09
4746035872585390098 1.96673e+09
4745120307360678178 1.74844e+09
4742693379395325868 1.16982e+09
-4483972254416580578 -7.29152e+08
4729677370658014884 1.60973e+08
-4480424148582524384 -1.2305e+09
-4496999426668810138 -9.83507e+07
4746052585343814120 1.97071e+09
-4494122613578076912 -1.48219e+08
4744848928629814757 1.68374e+09
4746373363190699277 2.04719e+09
-4479774185887119274 -1.38546e+09
-4492927513328501182 -1.83836e+08
4742936127800370047 1.22769e+09
4742682977385914730 1.16734e+09
4745224964137005518 1.77339e+09
-4481179736182738690 -1.06205e+09
4742594127923172516 1.14615e+09
4746304046675587650 2.03067e+09
-4483908915565892702 -7.36703e+08
-4487416982593234154 -4.2769e+08
4733211687884187632 2.66304e+08
4732280207512257728 2.38544e+08
4737759211875876575 5.35226e+08
-4479907636382633511 -1.35364e+09
-4497119868194265384 -9.65559e+07
-4484947486937331807 -6.12896e+08
4738938520351453624 6.74166e+08
4745440716706103363 1.82483e+09
-4480268974786895691 -1.26749e+09
4736610769755473231 4.66774e+08
4744501915746549211 1.60101e+09
-4478414608602629617 -1.70961e+09
-4485441820714487698 -5.53966e+08
-4480054184026717010 -1.3187e+09
4738668039338578560 6.41922e+08
4735592734247771006 4.06094e+08
4739771824695337735 7.73503e+08
4735860917878874809 4.22079e+08
-4477478967916388036 -1.93268e+09
4733224515106400110 2.66686e+08
4733455676461894926 2.78715e+08
-4480855790485118884 -1.12759e+09
-4476744862265904110 -2.10771e+09
-4484349770860673172 -6.84149e+08
-4476571061966181194 -2.15081e+09
4745572463084521201 1.85624e+09
4736234771042808840 4.44362e+08
4742760858939430323 1.18591e+09
4744901836215164601 1.69635e+09
4745748507659645354 1.89822e+09
-4479577552874869876 -1.43234e+09
-4491449007877425632 -2.27899e+08
-4500882712270731537 -5.3797e+07
4743211898343014053 1.29344e+09
4738391999528456503 6.09015e+08
4746344047502650002 2.0402e+09
-4479251782883557466 -1.51001e+09
-4482477200550260863 -9.07377e+08
4744810090663809116 1.67448e+09
-4485165159487599677 -5.86947e+08
4745126649821438667 1.74995e+09
4742337332865414076 1.08493e+09
-4496486199912076408 -1.05998e+08
-4481745773267476532 -9.9457e+08
4745994153573742662 1.95678e+09
-4478645189579773966 -1.65463e+09
4744506427303120944 1.60208e+09
4737810784770048292 5.39729e+08
4741319515459089384 9.58002e+08
4745588031901120556 1.85996e+09
-4479779714761003782 -1.38414e+09
-4482087438340154747 -9.5384e+08
-4479469148849852055 -1.45819e+09
-4480127213708519465 -1.30129e+09
4737918491675701372 5.52569e+08
-4479635879857552995 -1.41844e+09
-4478725003256653284 -1.63561e+09
-4480578795548990472 -1.19363e+09
4745999375478594892 1.95803e+09
-4476652165926873635 -2.12981e+09
-4479352629663691576 -1.48597e+09
-4478602254817077385 -1.66487e+09
-4493487428813762248 -1.67149e+08
4738742458886551662 6.50793e+08
4745416789841703011 1.81913e+09
-4478250684024693755 -1.74869e+09
4737175605610164550 5.0044e+08
-4477693899180316228 -1.88144e+09
-4486782455064729029 -4.65511e+08
-4508715717343910127 -1.56364e+07
-4489931233561896553 -2.77829e+08
-4482487794532974090 -9.06114e+08
-4480882304518134645 -1.12126e+09
4745364785690328411 1.80673e+09
4733642892556886359 2.89874e+08
-4479901784546933057 -1.35504e+09
-4477035301725158127 -2.03846e+09
-4489582727000554812 -2.98601e+08
4743555017424134921 1.37525e+09
4742442899955437405 1.1101e+09
-4484810694643137023 -6.29203e+08
4746865688061904964 2.18166e+09
-4477052760197392288 -2.0343e+09
4726695907225717996 1.03168e+08
-4480089909038882360 -1.31019e+09
4739229285450822832 7.08828e+08
4740625678679513942 8.75291e+08
-4483753468720650918 -7.55234e+08
4744941278766579608 1.70576e+09
4738675082546815227 6.42761e+08
-4484263073954735073 -6.94484e+08
-4477319234885326935 -1.97077e+09
4742687636582662718 1.16845e+09
4743360721403392257 1.32892e+09
4740586202020428684 8.70585e+08
4739969098137710670 7.9702e+08
4745214042109697587 1.77079e+09
-4483214089475628856 -8.19533e+08
4742426288749906148 1.10614e+09
-4482662579109491927 -8.85278e+08
4743471720366660357 1.35539e+09
-4479871545427511301 -1.36225e+09
4735476504240917155 3.99166e+08
-4477379351339850751 -1.95643e+09
-4478261657572895462 -1.74608e+09
-4479287408139772036 -1.50152e+09
-4480883772568395383 -1.12091e+09
-4478899595988222031 -1.59398e+09
4735330086909355052 3.90439e+08
-4477464116456142921 -1.93622e+09
4744945132625271011 1.70668e+09
4745973226164904067 1.95179e+09
-4477426811786505816 -1.94512e+09
4745600529504274874 1.86294e+09
-4494546197573523148 -1.35596e+08
-4481157085780355984 -1.06475e+09
4735175186745206370 3.81206e+08
-4479499869695192586 -1.45086e+09
4734996865992226390 3.70577e+08
-4496647622941404029 -1.03593e+08
4743585251469334784 1.38246e+09
4745616110582864061 1.86665e+09
4727570350126203992 1.16198e+08
4734825234792186642 3.60347e+08
4741713909261491848 1.00502e+09
-4480536231426970512 -1.20377e+09
-4481421800201035624 -1.03319e+09
4738192646390998517 5.85251e+08
4729887997929284379 1.6725e+08
-4476703329922301472 -2.11761e+09
4745716267859244703 1.89053e+09
-4484485919336225243 -6.67919e+08
-4480177512031424348 -1.2893e+09
4726425500520672440 9.91388e+07
-4487314561897285776 -4.33795e+08
-4483001983355332984 -8.44818e+08
4739894934405821332 7.88179e+08
4738617093774284329 6.35849e+08
-4490766508569588245 -2.48239e+08
-4481600062510616757 -1.01194e+09
4740750600049793322 8.90182e+08
-4483947366855653720 -7.32119e+08
-4480339398492089957 -1.2507e+09
4742549952303580197 1.13562e+09
-4481199078774314971 -1.05974e+09
4740029821188507502 8.04259e+08
-4476694636265635698 -2.11968e+09
4744128693189455872 1.51202e+09
4744262620781624058 1.54395e+09
4736185957781215484 4.41453e+08
-4483527867223771260 -7.82128e+08
4739455989790896898 7.35853e+08
4727660798259775527 1.17546e+08
4744181564202757883 1.52463e+09
-4480995160543932687 -1.09436e+09
-4481129846878057111 -1.06799e+09
